164
 164
 164
 164
 164
 164
 164
 164
 164
 164
 164
 164
 164
 164
 164
 164
 164
 164
 164
 164
 164
 164
 164
 164
 164
 164
 164
 164
 164
 164
 164
 164
 164
 164
 164
 164
 164
 164
 164
 164
 164
 164
 164
 164
 164
 164
 164
 164
 164
 164
 164
 164
 164
 164
 164
 164
 164
 164
 164
 164
 164
 164
 164
 164
 164
 164
 164
 164
 164
 164
 164
 164
 164
 164
 164
 164
 164
 164
 164
 164
 164
 164
 164
 164
 164
 164
 164
 164
 164
 164
 164
 164
 164
 164
 164
 164
 164
 164
 164
 164
 164
 164
 164
 164
 164
 164
 164
 164
 164
 164
 164
 164
 164
 164
 164
 164
 164
 164
 164
 164
 164
 164
 164
 164
 164
 164
 164
 164
 164
 164
 164
 164
 164
 164
 164
 164
 164
 164
 164
 164
 164
 164
 164
 164
 164
 164
 164
 164
 164
 164
 164
 164
 164
 164
 164
 164
 164
 164
 164
 164
 164
 164
 164
 164
 164
 164
 164
 164
 164
 164
 164
 164
 164
 164
 164
 164
 164
 164
 164
 164
 164
 164
 164
 164
 164
 164
 164
 164
 164
 164
 164
 164
 164
 164
 164
 164
 164
 164
 164
 164
 164
 164
 164
 164
 164
 164
 164
 164
 164
 164
 164
 164
 164
 164
 164
 164
 164
 164
 164
 164
 164
 164
 164
 164
 164
 164
 164
 164
 164
 164
 164
 164
 164
 164
 164
 164
 164
 164
 164
 164
 164
 164
 164
 164
 164
 164
 164
 164
 164
 164
 164
 164
 164
 164
 164
 164
 164
 164
 164
 164
 164
 164
 164
 164
 164
 164
 164
 164
 164
 164
 164
 164
 164
 164
 164
 164
 164
 164
 164
 164
 164
 164
 164
 164
 164
 164
 164
 164
 164
 164
 164
 164
 164
 164
 164
 164
 164
 164
 164
 164
 164
 164
 164
 164
 164
 164
 164
 164
 164
 164
 164
 164
 164
 164
 164
 164
 164
 164
 164
 164
 164
 164
 164
 164
 164
 164
 164
 164
 164
 164
 164
 164
 164
 164
 164
 164
 164
 164
 164
 164
 164
 164
 164
 164
 164
 164
 164
 164
 164
 164
 164
 164
 164
 164
 164
 164
 164
 164
 164
 164
 164
 164
 164
 164
 164
 164
 164
 164
 164
 164
 164
 164
 164
 164
 164
 164
 164
 164
 164
 164
 164
 164
 164
 164
 164
 164
 164
 164
 164
 164
 164
 164
 164
 164
 164
 164
 164
 164
 164
 164
 164
 164
 164
 164
 164
 164
 164
 164
 164
 164
 164
 164
 164
 164
 164
 164
 164
 164
 164
 164
 164
 164
 164
 164
 164
 164
 164
 164
 164
 164
 164
 164
 164
 164
 164
 164
 164
 164
 164
 164
 164
 164
 164
 164
 164
 164
 164
 164
 164
 164
 164
 164
 164
 164
 164
 164
 164
 164
 164
 164
 164
 164
 164
 164
 164
 164
 164
 164
 164
 164
 164
 164
 164
 164
 164
 164
 164
 164
 164
 164
 164
 164
 164
 164
 164
 164
 164
 164
 164
 164
 164
 164
 164
 164
 164
 164
 164
 164
 164
 164
 164
 164
 164
 164
 164
 164
 164
 164
 164
 164
 164
 164
 164
 164
 164
 164
 164
 164
 164
 164
 164
 164
 164
 164
 164
 164
 164
 164
 164
 164
 164
 164
 164
 164
 164
 164
 164
 164
 164
 164
 164
 164
 164
 164
 164
 164
 164
 164
 164
 164
 164
 164
 164
 164
 164
 164
 164
 164
 164
 164
 164
 164
 164
 164
 164
 164
 164
 164
 164
 164
 164
 164
 164
 164
 164
 164
 164
 164
 164
 164
 164
 164
 164
 164
 164
 164
 164
 164
 164
 164
 164
 164
 164
 164
 164
 164
 164
 164
 164
 164
 164
 164
 164
 164
 164
 164
 164
 164
 164
 164
 164
 164
 164
 164
 164
 164
 164
 164
 164
 164
 164
 164
 164
 164
 164
 164
 164
 164
 164
 164
 164
 164
 164
 164
 164
 164
 164
 164
 164
 164
 164
 164
 164
 164
 164
 164
 164
 164
 164
 164
 164
 164
 164
 164
 164
 164
 164
 164
 164
 164
 164
 164
 164
 164
 164
 164
 164
 164
 164
 164
 164
 164
 164
 164
 164
 164
 164
 164
 164
 164
 164
 164
 164
 164
 164
 164
 164
 164
 164
 164
 164
 164
 164
 164
 164
 164
 164
 164
 164
 164
 164
 164
 164
 164
 164
 164
 164
 164
 164
 164
 164
 164
 164
 164
 164
 164
 164
 164
 164
 164
 164
 164
 164
 164
 164
 164
 164
 164
 164
 164
 164
 164
 164
 164
 164
 164
 164
 164
 164
 164
 164
 164
 164
 164
 164
 164
 164
 164
 164
 164
 164
 164
 164
 164
 164
 164
 164
 164
 164
 164
 164
 164
 164
 164
 164
 164
 164
 164
 164
 164
 164
 164
 164
 164
 164
 164
 164
 164
 164
 164
 164
 164
 164
 164
 164
 164
 164
 164
 164
 164
 164
 164
 164
 164
 164
 164
 164
 164
 164
 164
 164
 164
 164
 164
 164
 164
 164
 164
 164
 164
 164
 164
 164
 164
 164
 164
 164
 164
 164
 164
 164
 164
 164
 164
 164
 164
 164
 164
 164
 164
 164
 164
 164
 164
 164
 164
 164
 164
 164
 164
 164
 164
 164
 164
 164
 164
 164
 164
 164
 164
 164
 164
 164
 164
 164
 164
 164
 164
 164
 164
 164
 164
 164
 164
 164
 164
 164
 164
 164
 164
 164
 164
 164
 164
 164
 164
 164
 164
 164
 164
 164
 164
 164
 164
 164
 164
 164
 164
 164
 164
 164
 164
 164
 164
 164
 164
 164
 164
 164
 164
 164
 164
 164
 164
 164
 164
 164
 164
 164
 164
 164
 164
 164
 164
 164
 164
 164
 164
 164
 164
 164
 164
 164
 164
 164
 164
 164
 164
 164
 164
 164
 164
 164
 164
 164
 164
 164
 164
 164
 164
 164
 164
 164
 164
 164
 164
 164
 164
 164
 164
 164
 164
 164
 164
 164
 164
 164
 164
 164
 164
 164
 164
 164
 164
 164
 164
 164
 164
 164
 164
 164
 164
 164
 164
 164
 164
 164
 164
 164
 164
 164
 164
 164
 164
 164
 164
 164
 164
 164
 164
 164
 164
 164
 164
 164
 164
 164
 164
 164
 164
 164
 164
 164
 164
 164
 164
 164
 164
 164
 164
 164
 164
 164
 165
 168
 169
 172
 175
 179
 184
 191
 201
 214
 229
 245
 263
 283
 305
 330
 355
 383
 410
 435
 459
 477
 494
 511
 530
 551
 575
 599
 621
 643
 668
 694
 723
 756
 789
 823
 857
 892
 928
 963
 998
 1035
 1072
 1108
 1145
 1182
 1221
 1258
 1297
 1334
 1370
 1404
 1441
 1481
 1519
 1557
 1599
 1638
 1681
 1725
 1765
 1805
 1850
 1895
 1940
 1987
 2031
 2074
 2121
 2168
 2212
 2257
 2304
 2349
 2394
 2439
 2484
 2531
 2577
 2623
 2672
 2718
 2765
 2814
 2862
 2907
 2951
 2999
 3048
 3098
 3146
 3192
 3238
 3289
 3337
 3384
 3433
 3484
 3530
 3575
 3628
 3680
 3729
 3775
 3823
 3872
 3926
 3979
 4027
 4073
 4125
 4174
 4224
 4280
 4333
 4382
 4432
 4481
 4531
 4583
 4635
 4682
 4731
 4777
 4828
 4880
 4928
 4976
 5025
 5084
 5143
 5196
 5246
 5296
 5341
 5400
 5458
 5516
 5569
 5619
 5668
 5724
 5782
 5841
 5893
 5943
 6001
 6058
 6116
 6173
 6227
 6284
 6342
 6403
 6462
 6519
 6581
 6647
 6712
 6778
 6843
 6907
 6970
 7039
 7111
 7181
 7249
 7316
 7384
 7458
 7534
 7605
 7674
 7750
 7828
 7905
 7975
 8052
 8131
 8212
 8289
 8362
 8439
 8517
 8595
 8675
 8747
 8824
 8906
 8984
 9063
 9137
 9214
 9295
 9374
 9447
 9518
 9598
 9673
 9746
 9818
 9891
 9964
 10037
 10108
 10177
 10246
 10321
 10395
 10466
 10539
 10617
 10687
 10750
 10816
 10893
 10973
 11048
 11119
 11188
 11254
 11324
 11396
 11466
 11532
 11600
 11672
 11745
 11815
 11882
 11947
 12009
 12074
 12149
 12225
 12298
 12369
 12427
 12485
 12554
 12623
 12678
 12731
 12792
 12858
 12926
 12985
 13045
 13115
 13186
 13250
 13317
 13387
 13458
 13523
 13584
 13652
 13728
 13802
 13869
 13932
 14000
 14073
 14148
 14222
 14295
 14368
 14441
 14512
 14584
 14658
 14734
 14811
 14886
 14962
 15040
 15119
 15199
 15278
 15358
 15439
 15521
 15600
 15680
 15761
 15843
 15923
 16005
 16087
 16174
 16258
 16344
 16428
 16514
 16599
 16687
 16776
 16862
 16950
 17038
 17128
 17219
 17311
 17400
 17487
 17576
 17667
 17758
 17850
 17939
 18027
 18114
 18202
 18289
 18376
 18461
 18544
 18626
 18708
 18790
 18871
 18952
 19031
 19108
 19183
 19263
 19345
 19420
 19493
 19565
 19636
 19709
 19783
 19856
 19930
 20001
 20070
 20141
 20218
 20297
 20372
 20444
 20513
 20578
 20649
 20726
 20802
 20877
 20956
 21024
 21090
 21166
 21241
 21313
 21383
 21455
 21533
 21610
 21685
 21754
 21829
 21907
 21982
 22055
 22129
 22207
 22283
 22360
 22437
 22516
 22593
 22668
 22746
 22825
 22905
 22987
 23072
 23162
 23248
 23332
 23418
 23507
 23597
 23687
 23772
 23861
 23960
 24049
 24134
 24227
 24324
 24418
 24506
 24606
 24705
 24794
 24885
 24985
 25085
 25178
 25267
 25369
 25468
 25558
 25651
 25750
 25842
 25925
 26015
 26111
 26201
 26286
 26374
 26464
 26549
 26629
 26716
 26804
 26890
 26970
 27052
 27138
 27222
 27305
 27390
 27474
 27556
 27632
 27711
 27796
 27874
 27946
 28025
 28111
 28195
 28270
 28343
 28408
 28473
 28542
 28614
 28690
 28761
 28833
 28912
 28996
 29077
 29152
 29229
 29308
 29378
 29443
 29516
 29596
 29674
 29753
 29834
 29911
 29985
 30065
 30150
 30232
 30307
 30381
 30458
 30542
 30626
 30707
 30787
 30866
 30945
 31026
 31110
 31197
 31284
 31371
 31456
 31542
 31634
 31723
 31813
 31905
 31996
 32087
 32177
 32270
 32365
 32456
 32547
 32641
 32738
 32831
 32925
 33021
 33117
 33212
 33306
 33401
 33495
 33591
 33687
 33779
 33872
 33964
 34058
 34150
 34244
 34340
 34435
 34529
 34623
 34717
 34810
 34901
 34989
 35077
 35164
 35249
 35336
 35421
 35500
 35580
 35667
 35754
 35836
 35916
 35993
 36067
 36141
 36213
 36290
 36374
 36455
 36532
 36610
 36690
 36775
 36858
 36937
 37009
 37078
 37151
 37231
 37312
 37391
 37464
 37540
 37621
 37696
 37770
 37845
 37925
 38004
 38083
 38164
 38245
 38326
 38402
 38479
 38558
 38640
 38720
 38802
 38883
 38965
 39046
 39130
 39213
 39293
 39376
 39463
 39556
 39645
 39731
 39824
 39920
 40015
 40105
 40194
 40292
 40393
 40485
 40579
 40682
 40781
 40873
 40974
 41080
 41178
 41273
 41376
 41480
 41579
 41677
 41780
 41878
 41974
 42074
 42171
 42265
 42361
 42457
 42549
 42637
 42728
 42822
 42915
 43001
 43088
 43177
 43267
 43350
 43430
 43513
 43599
 43687
 43777
 43865
 43950
 44028
 44110
 44196
 44275
 44347
 44422
 44503
 44580
 44651
 44718
 44786
 44862
 44944
 45023
 45095
 45163
 45240
 45329
 45419
 45498
 45577
 45659
 45735
 45806
 45881
 45961
 46044
 46129
 46215
 46298
 46377
 46455
 46535
 46614
 46691
 46766
 46845
 46931
 47021
 47106
 47187
 47264
 47347
 47435
 47525
 47612
 47700
 47790
 47879
 47970
 48061
 48155
 48249
 48344
 48439
 48533
 48631
 48732
 48829
 48922
 49016
 49112
 49207
 49306
 49407
 49509
 49605
 49701
 49800
 49895
 49991
 50087
 50183
 50279
 50374
 50469
 50562
 50657
 50753
 50849
 50944
 51037
 51131
 51225
 51316
 51408
 51498
 51585
 51670
 51755
 51837
 51916
 51999
 52083
 52163
 52239
 52315
 52394
 52476
 52565
 52650
 52730
 52804
 52879
 52960
 53040
 53119
 53199
 53279
 53356
 53439
 53524
 53607
 53682
 53754
 53833
 53914
 53995
 54071
 54145
 54218
 54295
 54377
 54459
 54537
 54617
 54699
 54780
 54858
 54939
 55021
 55102
 55184
 55267
 55347
 55426
 55512
 55598
 55683
 55764
 55849
 55940
 56027
 56116
 56207
 56307
 56403
 56494
 56583
 56685
 56786
 56878
 56977
 57076
 57179
 57277
 57380
 57482
 57574
 57670
 57776
 57882
 57977
 58081
 58183
 58281
 58372
 58471
 58571
 58662
 58753
 58851
 58948
 59039
 59127
 59218
 59310
 59400
 59490
 59580
 59670
 59757
 59839
 59920
 60001
 60089
 60182
 60268
 60342
 60419
 60511
 60599
 60672
 60739
 60817
 60898
 60972
 61047
 61120
 61190
 61268
 61350
 61434
 61513
 61592
 61676
 61766
 61853
 61930
 62012
 62096
 62171
 62246
 62321
 62395
 62472
 62553
 62636
 62718
 62801
 62879
 62954
 63027
 63103
 63186
 63271
 63353
 63437
 63523
 63608
 63694
 63782
 63869
 63956
 64043
 64134
 64228
 64323
 64416
 64509
 64603
 64698
 64793
 64887
 64980
 65074
 65168
 65263
 65360
 65462
 65562
 65653
 65749
 65851
 65955
 66055
 66149
 66241
 66339
 66439
 66538
 66635
 66730
 66825
 66921
 67018
 67115
 67210
 67302
 67396
 67490
 67581
 67671
 67757
 67845
 67929
 68011
 68097
 68186
 68273
 68361
 68443
 68520
 68597
 68674
 68748
 68821
 68899
 68984
 69068
 69151
 69235
 69318
 69399
 69478
 69559
 69645
 69729
 69813
 69900
 69984
 70062
 70139
 70214
 70288
 70368
 70445
 70520
 70593
 70670
 70751
 70832
 70909
 70990
 71071
 71148
 71225
 71307
 71390
 71471
 71553
 71636
 71719
 71802
 71884
 71970
 72058
 72144
 72227
 72315
 72408
 72497
 72584
 72675
 72765
 72863
 72957
 73048
 73141
 73233
 73332
 73438
 73535
 73624
 73723
 73829
 73923
 74019
 74121
 74226
 74324
 74417
 74521
 74627
 74724
 74823
 74924
 75022
 75120
 75220
 75319
 75410
 75504
 75597
 75689
 75775
 75866
 75960
 76052
 76136
 76222
 76311
 76393
 76477
 76563
 76647
 76723
 76799
 76879
 76957
 77029
 77104
 77186
 77268
 77344
 77420
 77495
 77567
 77638
 77713
 77790
 77866
 77941
 78017
 78091
 78166
 78244
 78327
 78413
 78495
 78571
 78642
 78710
 78776
 78846
 78924
 79006
 79086
 79161
 79235
 79311
 79388
 79463
 79537
 79612
 79690
 79769
 79847
 79923
 79998
 80075
 80152
 80227
 80303
 80381
 80458
 80535
 80609
 80689
 80774
 80860
 80942
 81024
 81108
 81192
 81276
 81359
 81443
 81527
 81616
 81705
 81788
 81867
 81946
 82028
 82105
 82184
 82260
 82334
 82409
 82486
 82562
 82637
 82710
 82782
 82859
 82935
 83008
 83080
 83150
 83222
 83293
 83365
 83438
 83507
 83574
 83639
 83701
 83761
 83827
 83895
 83961
 84026
 84088
 84146
 84202
 84257
 84315
 84378
 84444
 84512
 84576
 84638
 84696
 84752
 84809
 84866
 84926
 84987
 85049
 85110
 85169
 85227
 85291
 85353
 85410
 85465
 85520
 85575
 85630
 85682
 85735
 85788
 85839
 85895
 85954
 86013
 86069
 86121
 86173
 86226
 86284
 86343
 86398
 86450
 86501
 86554
 86607
 86658
 86710
 86761
 86813
 86862
 86908
 86955
 87007
 87062
 87117
 87169
 87218
 87269
 87320
 87374
 87427
 87478
 87527
 87579
 87632
 87687
 87741
 87793
 87841
 87891
 87942
 87993
 88044
 88094
 88145
 88196
 88249
 88304
 88356
 88409
 88462
 88515
 88567
 88622
 88675
 88726
 88780
 88835
 88890
 88943
 88994
 89048
 89103
 89157
 89209
 89262
 89312
 89365
 89420
 89475
 89524
 89573
 89622
 89673
 89725
 89780
 89836
 89886
 89933
 89984
 90035
 90085
 90135
 90188
 90239
 90288
 90335
 90384
 90435
 90487
 90540
 90588
 90635
 90682
 90728
 90773
 90818
 90865
 90913
 90958
 91002
 91045
 91089
 91133
 91174
 91215
 91258
 91303
 91349
 91392
 91433
 91474
 91515
 91556
 91597
 91639
 91679
 91718
 91757
 91799
 91840
 91880
 91917
 91956
 91997
 92034
 92068
 92103
 92140
 92176
 92210
 92243
 92275
 92308
 92340
 92371
 92404
 92437
 92469
 92500
 92531
 92563
 92595
 92625
 92655
 92684
 92714
 92746
 92778
 92812
 92844
 92877
 92909
 92941
 92968
 92991
 93015
 93043
 93077
 93109
 93140
 93169
 93198
 93228
 93257
 93280
 93300
 93325
 93355
 93387
 93418
 93447
 93478
 93508
 93536
 93563
 93589
 93613
 93639
 93666
 93693
 93719
 93744
 93769
 93792
 93814
 93837
 93860
 93883
 93905
 93929
 93953
 93979
 94003
 94027
 94050
 94073
 94099
 94125
 94151
 94177
 94203
 94228
 94254
 94279
 94302
 94323
 94343
 94361
 94377
 94396
 94419
 94443
 94466
 94485
 94502
 94521
 94546
 94573
 94598
 94619
 94641
 94663
 94685
 94707
 94728
 94749
 94769
 94786
 94802
 94818
 94836
 94856
 94877
 94898
 94916
 94935
 94953
 94972
 94990
 95008
 95026
 95044
 95060
 95075
 95089
 95103
 95118
 95134
 95152
 95169
 95186
 95201
 95217
 95232
 95247
 95263
 95280
 95298
 95315
 95332
 95347
 95361
 95373
 95385
 95398
 95413
 95430
 95445
 95461
 95476
 95491
 95505
 95520
 95535
 95550
 95565
 95580
 95594
 95608
 95621
 95633
 95646
 95658
 95670
 95682
 95693
 95703
 95713
 95723
 95735
 95747
 95760
 95772
 95783
 95794
 95806
 95817
 95828
 95838
 95849
 95859
 95869
 95879
 95889
 95900
 95910
 95920
 95930
 95940
 95949
 95958
 95968
 95978
 95987
 95996
 96005
 96014
 96022
 96031
 96039
 96048
 96058
 96066
 96075
 96083
 96091
 96099
 96107
 96114
 96122
 96129
 96136
 96143
 96150
 96156
 96162
 96169
 96175
 96181
 96187
 96193
 96199
 96204
 96209
 96214
 96220
 96225
 96231
 96235
 96241
 96246
 96251
 96257
 96262
 96267
 96272
 96277
 96281
 96285
 96289
 96293
 96297
 96300
 96304
 96308
 96311
 96315
 96319
 96322
 96326
 96329
 96331
 96334
 96337
 96341
 96343
 96345
 96347
 96349
 96351
 96353
 96355
 96356
 96358
 96359
 96361
 96362
 96363
 96364
 96365
 96366
 96366
 96367
 96367
 96367
 96367
 96367
 96367
 96367
 96367
 96367
 96367
 96367
 96367
 96367
 96367
 96366
 96364
 96363
 96362
 96361
 96360
 96359
 96358
 96357
 96356
 96356
 96356
 96355
 96355
 96355
 96355
 96355
 96355
 96355
 96355
 96355
 96355
 96355
 96355
 96355
 96355
 96355
 96355
 96355
 96355
 96355
 96355
 96355
 96355
 96355
 96355
 96355
 96355
 96355
 96355
 96355
 96355
 96355
 96355
 96355
 96355
 96355
 96355
 96355
 96355
 96355
 96355
 96355
 96355
 96355
 96355
 96355
 96355
 96355
 96355
 96355
 96355
 96355
 96355
 96355
 96355
 96355
 96355
 96355
 96355
 96355
 96355
 96355
 96355
 96355
 96355
 96355
 96355
 96355
 96355
 96355
 96355
 96355
 96355
 96355
 96355
 96355
 96355
 96355
 96355
 96355
 96355
 96355
 96355
 96355
 96355
 96355
 96355
 96355
 96355
 96355
 96355
 96355
 96355
 96355
 96355
 96355
 96355
 96355
 96355
 96355
 96355
 96355
 96355
 96355
 96355
 96355
 96355
 96355
 96355
 96355
 96355
 96355
 96355
 96355
 96355
 96355
 96355
 96355
 96355
 96355
 96355
 96355
 96355
 96355
 96355
 96355
 96355
 96355
 96355
 96355
 96355
 96355
 96355
 96355
 96355
 96355
 96355
 96355
 96355
 96355
 96355
 96355
 96355
 96355
 96355
 96355
 96355
 96355
 96355
 96355
 96355
 96355
 96355
 96355
 96355
 96355
 96355
 96355
 96355
 96355
 96355
 96355
 96355
 96355
 96355
 96355
 96355
 96355
 96355
 96355
 96355
 96355
 96355
 96355
 96355
 96355
 96355
 96355
 96355
 96355
 96355
 96355
 96355
 96355
 96355
 96355
 96355
 96355
 96355
 96355
 96355
 96355
 96355
 96355
 96355
 96355
 96355
 96355
 96355
 96355
 96355
 96355
 96355
 96355
 96355
 96355
 96355
 96355
 96355
 96355
 96355
 96355
 96355
 96355
 96355
 96355
 96355
 96355
 96355
 96355
 96355
 96355
 96355
 96355
 96355
 96355
 96355
 96355
 96355
 96355
 96355
 96355
 96355
 96355
 96355
 96355
 96355
 96355
 96355
 96355
 96355
 96355
 96355
 96355
 96355
 96355
 96355
 96355
 96355
 96355
 96355
 96355
 96355
 96355
 96355
 96355
 96355
 96355
 96355
 96355
 96355
 96355
 96355
 96355
 96355
 96355
 96355
 96355
 96355
 96355
 96355
 96355
 96355
 96355
 96355
 96355
 96355
 96355
 96355
 96355
 96355
 96355
 96355
 96355
 96355
 96355
 96355
 96355
 96355
 96355
 96355
 96355
 96355
 96355
 96355
 96355
 96355
 96355
 96355
 96355
 96355
 96355
 96355
 96355
 96355
 96355
 96355
 96355
 96355
 96355
 96355
 96355
 96355
 96355
 96355
 96355
 96355
 96355
 96355
 96355
 96355
 96355
 96355
 96355
 96355
 96355
 96355
 96355
 96355
 96355
 96355
 96355
 96355
 96355
 96355
 96355
 96355
 96355
 96355
 96355
 96355
 96355
 96355
 96355
 96355
 96355
 96355
 96355
 96355
 96355
 96355
 96355
 96355
 96355
 96355
 96355
 96355
 96355
 96355
 96355
 96355
 96355
 96355
 96355
 96355
 96355
 96355
 96355
 96355
 96355
 96355
 96355
 96355
 96355
 96355
 96355
 96355
 96355
 96355
 96355
 96355
 96355
 96355
 96355
 96355
 96355
 96355
 96355
 96355
 96355
 96355
 96355
 96355
 96355
 96355
 96355
 96355
 96355
 96355
 96355
 96355
 96355
 96355
 96355
 96355
 96355
 96355
 96355
 96355
 96355
 96355
 96355
 96355
 96355
 96355
 96355
 96355
 96355
 96355
 96355
 96355
 96355
 96355
 96355
 96355
 96355
 96355
 96355
 96355
 96355
 96355
 96355
 96355
 96355
 96355
 96355
 96355
 96355
 96355
 96355
 96355
 96355
 96355
 96355
 96355
 96355
 96355
 96355
 96355
 96355
 96355
 96355
 96355
 96355
 96355
 96355
 96355
 96355
 96355
 96359
 96367
 96382
 96399
 96419
 96439
 96459
 96481
 96505
 96532
 96560
 96590
 96625
 96665
 96706
 96749
 96795
 96839
 96879
 96915
 96952
 96990
 97026
 97059
 97090
 97120
 97150
 97182
 97213
 97246
 97286
 97332
 97378
 97424
 97474
 97523
 97571
 97615
 97661
 97705
 97748
 97789
 97831
 97874
 97919
 97965
 98009
 98055
 98104
 98158
 98214
 98269
 98321
 98377
 98442
 98509
 98576
 98642
 98711
 98780
 98846
 98914
 98986
 99057
 99130
 99202
 99277
 99352
 99421
 99493
 99566
 99643
 99720
 99795
 99876
 99962
 100049
 100129
 100206
 100282
 100359
 100439
 100520
 100600
 100678
 100755
 100831
 100909
 100994
 101079
 101160
 101238
 101313
 101395
 101482
 101561
 101633
 101708
 101785
 101861
 101935
 102005
 102075
 102147
 102222
 102303
 102384
 102453
 102520
 102603
 102684
 102757
 102830
 102910
 102983
 103052
 103129
 103214
 103289
 103360
 103437
 103520
 103600
 103670
 103742
 103826
 103911
 103985
 104060
 104144
 104232
 104314
 104390
 104470
 104554
 104640
 104724
 104808
 104889
 104975
 105066
 105158
 105244
 105333
 105426
 105525
 105613
 105704
 105797
 105903
 106001
 106101
 106201
 106302
 106401
 106509
 106617
 106720
 106823
 106934
 107050
 107153
 107266
 107383
 107488
 107590
 107699
 107802
 107899
 108004
 108110
 108213
 108311
 108413
 108515
 108612
 108707
 108804
 108898
 108990
 109085
 109176
 109266
 109360
 109451
 109537
 109625
 109708
 109788
 109871
 109968
 110075
 110180
 110273
 110350
 110420
 110504
 110602
 110700
 110790
 110882
 110980
 111073
 111163
 111251
 111335
 111422
 111516
 111611
 111705
 111798
 111884
 111966
 112055
 112142
 112222
 112307
 112398
 112493
 112592
 112692
 112792
 112892
 112992
 113091
 113189
 113288
 113388
 113490
 113594
 113698
 113804
 113911
 114017
 114120
 114225
 114329
 114434
 114542
 114648
 114757
 114869
 114985
 115098
 115209
 115321
 115437
 115554
 115668
 115782
 115898
 116012
 116123
 116233
 116347
 116462
 116577
 116687
 116794
 116897
 117000
 117100
 117201
 117304
 117404
 117505
 117607
 117705
 117800
 117892
 117981
 118069
 118165
 118265
 118363
 118457
 118545
 118631
 118729
 118826
 118913
 119003
 119096
 119187
 119277
 119368
 119457
 119547
 119639
 119729
 119817
 119906
 119998
 120088
 120184
 120279
 120374
 120474
 120571
 120664
 120761
 120858
 120955
 121055
 121157
 121257
 121354
 121457
 121563
 121666
 121772
 121882
 121988
 122096
 122212
 122327
 122436
 122548
 122667
 122778
 122895
 123018
 123142
 123258
 123381
 123502
 123617
 123742
 123864
 123977
 124097
 124209
 124319
 124437
 124552
 124658
 124765
 124878
 124989
 125096
 125202
 125302
 125397
 125494
 125589
 125689
 125788
 125883
 125977
 126070
 126163
 126257
 126355
 126460
 126560
 126654
 126746
 126834
 126932
 127033
 127124
 127214
 127312
 127409
 127509
 127608
 127698
 127786
 127884
 127982
 128079
 128178
 128272
 128360
 128453
 128548
 128643
 128737
 128833
 128934
 129038
 129141
 129241
 129341
 129446
 129553
 129662
 129770
 129878
 129988
 130097
 130208
 130319
 130429
 130543
 130657
 130771
 130888
 131003
 131120
 131238
 131360
 131481
 131596
 131708
 131821
 131937
 132054
 132170
 132285
 132401
 132515
 132628
 132743
 132858
 132972
 133085
 133195
 133299
 133402
 133502
 133599
 133699
 133799
 133903
 134010
 134114
 134214
 134314
 134409
 134503
 134600
 134695
 134794
 134891
 134985
 135077
 135174
 135266
 135358
 135456
 135551
 135639
 135731
 135823
 135915
 136008
 136100
 136196
 136292
 136387
 136482
 136578
 136674
 136770
 136868
 136966
 137063
 137158
 137254
 137351
 137449
 137545
 137643
 137742
 137848
 137956
 138060
 138165
 138276
 138388
 138491
 138600
 138715
 138823
 138935
 139053
 139162
 139278
 139399
 139524
 139643
 139763
 139887
 140004
 140134
 140257
 140373
 140495
 140611
 140723
 140842
 140956
 141065
 141176
 141288
 141397
 141501
 141604
 141709
 141813
 141906
 142004
 142110
 142216
 142310
 142403
 142503
 142596
 142685
 142790
 142901
 143007
 143105
 143192
 143287
 143390
 143486
 143567
 143656
 143756
 143854
 143954
 144050
 144142
 144238
 144335
 144431
 144530
 144627
 144720
 144815
 144910
 145007
 145100
 145195
 145292
 145395
 145499
 145602
 145704
 145805
 145911
 146020
 146130
 146240
 146353
 146461
 146570
 146685
 146802
 146917
 147032
 147146
 147262
 147377
 147493
 147611
 147736
 147857
 147971
 148084
 148200
 148314
 148427
 148541
 148655
 148769
 148882
 148995
 149105
 149217
 149325
 149432
 149537
 149640
 149742
 149844
 149944
 150046
 150145
 150243
 150343
 150445
 150544
 150641
 150735
 150828
 150921
 151014
 151110
 151205
 151299
 151389
 151478
 151570
 151662
 151757
 151861
 151963
 152061
 152153
 152238
 152321
 152410
 152501
 152597
 152692
 152787
 152880
 152974
 153068
 153164
 153260
 153355
 153452
 153549
 153647
 153743
 153840
 153937
 154036
 154133
 154231
 154333
 154435
 154538
 154643
 154752
 154857
 154965
 155076
 155188
 155291
 155404
 155520
 155628
 155746
 155866
 155976
 156093
 156214
 156323
 156440
 156564
 156679
 156794
 156911
 157017
 157129
 157244
 157355
 157460
 157570
 157681
 157788
 157895
 157998
 158092
 158192
 158295
 158396
 158500
 158601
 158694
 158785
 158880
 158978
 159074
 159179
 159280
 159375
 159465
 159547
 159629
 159717
 159805
 159894
 159990
 160088
 160190
 160293
 160390
 160479
 160572
 160672
 160772
 160869
 160967
 161058
 161153
 161248
 161342
 161431
 161523
 161619
 161722
 161828
 161932
 162033
 162135
 162241
 162352
 162462
 162571
 162678
 162788
 162900
 163013
 163125
 163236
 163352
 163469
 163586
 163703
 163820
 163937
 164054
 164174
 164291
 164407
 164522
 164638
 164752
 164868
 164984
 165102
 165218
 165331
 165443
 165555
 165664
 165774
 165880
 165984
 166086
 166189
 166290
 166393
 166495
 166596
 166695
 166794
 166889
 166981
 167073
 167162
 167256
 167351
 167446
 167540
 167640
 167737
 167832
 167924
 168017
 168114
 168213
 168311
 168408
 168501
 168594
 168689
 168784
 168875
 168967
 169061
 169158
 169258
 169354
 169446
 169538
 169634
 169732
 169830
 169927
 170023
 170120
 170216
 170315
 170414
 170513
 170615
 170722
 170829
 170933
 171044
 171155
 171260
 171367
 171483
 171592
 171699
 171815
 171933
 172049
 172171
 172287
 172402
 172528
 172656
 172774
 172901
 173022
 173136
 173253
 173363
 173473
 173593
 173707
 173821
 173932
 174040
 174150
 174258
 174370
 174476
 174572
 174664
 174764
 174870
 174969
 175058
 175153
 175253
 175346
 175435
 175532
 175629
 175723
 175819
 175910
 175999
 176099
 176198
 176291
 176385
 176473
 176561
 176659
 176758
 176853
 176948
 177047
 177149
 177254
 177358
 177458
 177554
 177648
 177740
 177830
 177923
 178021
 178128
 178234
 178334
 178428
 178525
 178627
 178732
 178837
 178942
 179051
 179162
 179274
 179385
 179498
 179611
 179726
 179842
 179957
 180070
 180184
 180301
 180422
 180546
 180666
 180786
 180907
 181028
 181147
 181264
 181383
 181504
 181622
 181738
 181854
 181970
 182083
 182195
 182300
 182405
 182509
 182614
 182718
 182820
 182920
 183017
 183115
 183212
 183308
 183412
 183517
 183620
 183714
 183799
 183881
 183969
 184069
 184171
 184271
 184366
 184458
 184551
 184648
 184743
 184837
 184932
 185025
 185118
 185209
 185299
 185391
 185486
 185583
 185678
 185771
 185863
 185959
 186058
 186155
 186251
 186348
 186444
 186539
 186635
 186734
 186834
 186933
 187035
 187143
 187245
 187354
 187469
 187580
 187686
 187803
 187922
 188029
 188144
 188265
 188378
 188499
 188614
 188725
 188845
 188962
 189075
 189195
 189316
 189427
 189539
 189660
 189773
 189887
 190008
 190121
 190234
 190351
 190466
 190575
 190683
 190796
 190901
 190995
 191089
 191197
 191305
 191400
 191491
 191592
 191690
 191780
 191877
 191972
 192063
 192156
 192256
 192348
 192436
 192530
 192628
 192723
 192816
 192911
 193009
 193114
 193216
 193312
 193404
 193493
 193582
 193674
 193770
 193866
 193958
 194045
 194132
 194219
 194311
 194410
 194514
 194619
 194722
 194827
 194932
 195038
 195146
 195254
 195361
 195471
 195580
 195685
 195792
 195899
 196006
 196105
 196206
 196315
 196419
 196530
 196642
 196755
 196865
 196974
 197081
 197187
 197293
 197395
 197493
 197593
 197693
 197791
 197888
 197981
 198077
 198174
 198271
 198365
 198456
 198548
 198641
 198732
 198820
 198905
 198992
 199079
 199162
 199247
 199331
 199417
 199500
 199580
 199658
 199736
 199817
 199896
 199974
 200053
 200135
 200214
 200292
 200368
 200446
 200524
 200603
 200684
 200764
 200842
 200920
 200994
 201065
 201133
 201204
 201278
 201352
 201429
 201502
 201572
 201640
 201711
 201784
 201860
 201936
 202011
 202085
 202158
 202232
 202307
 202382
 202458
 202532
 202607
 202681
 202758
 202833
 202910
 202984
 203061
 203141
 203218
 203294
 203373
 203455
 203539
 203619
 203701
 203785
 203867
 203943
 204017
 204095
 204183
 204270
 204349
 204436
 204529
 204614
 204695
 204776
 204862
 204950
 205030
 205110
 205192
 205282
 205364
 205441
 205518
 205602
 205690
 205771
 205853
 205931
 206010
 206088
 206164
 206242
 206317
 206392
 206468
 206544
 206618
 206691
 206762
 206833
 206906
 206976
 207043
 207112
 207183
 207251
 207315
 207379
 207445
 207514
 207581
 207642
 207703
 207767
 207831
 207892
 207952
 208009
 208066
 208125
 208185
 208245
 208303
 208355
 208404
 208450
 208495
 208537
 208587
 208634
 208686
 208738
 208790
 208841
 208896
 208947
 208996
 209045
 209095
 209146
 209197
 209246
 209296
 209348
 209403
 209462
 209521
 209576
 209625
 209670
 209712
 209755
 209797
 209845
 209898
 209950
 210002
 210054
 210106
 210157
 210208
 210259
 210311
 210363
 210414
 210463
 210512
 210562
 210614
 210667
 210719
 210772
 210824
 210877
 210931
 210984
 211038
 211092
 211146
 211203
 211260
 211316
 211372
 211426
 211482
 211537
 211592
 211647
 211704
 211762
 211820
 211877
 211937
 211996
 212053
 212109
 212166
 212224
 212281
 212336
 212395
 212455
 212516
 212576
 212634
 212690
 212746
 212807
 212865
 212920
 212978
 213033
 213088
 213145
 213203
 213261
 213318
 213373
 213425
 213475
 213526
 213577
 213627
 213677
 213727
 213776
 213824
 213874
 213926
 213977
 214028
 214078
 214128
 214176
 214224
 214272
 214319
 214366
 214413
 214460
 214505
 214551
 214596
 214642
 214686
 214730
 214772
 214811
 214853
 214897
 214939
 214979
 215019
 215060
 215102
 215142
 215179
 215217
 215255
 215294
 215334
 215375
 215416
 215455
 215492
 215529
 215567
 215604
 215639
 215677
 215714
 215749
 215783
 215816
 215851
 215888
 215923
 215959
 215997
 216034
 216072
 216110
 216145
 216179
 216213
 216246
 216282
 216318
 216353
 216387
 216421
 216453
 216484
 216516
 216548
 216580
 216613
 216647
 216683
 216718
 216753
 216786
 216816
 216844
 216872
 216904
 216937
 216973
 217008
 217041
 217071
 217097
 217124
 217153
 217183
 217214
 217244
 217273
 217303
 217333
 217363
 217391
 217419
 217447
 217476
 217506
 217535
 217562
 217589
 217616
 217643
 217669
 217695
 217721
 217747
 217774
 217801
 217827
 217852
 217876
 217898
 217921
 217945
 217969
 217994
 218020
 218046
 218072
 218098
 218122
 218146
 218170
 218195
 218219
 218242
 218263
 218284
 218306
 218330
 218355
 218379
 218402
 218425
 218448
 218471
 218494
 218516
 218538
 218559
 218581
 218602
 218626
 218649
 218672
 218695
 218717
 218740
 218763
 218784
 218805
 218827
 218848
 218868
 218887
 218907
 218928
 218950
 218970
 218990
 219010
 219030
 219050
 219070
 219089
 219109
 219128
 219147
 219166
 219184
 219205
 219225
 219245
 219265
 219285
 219305
 219325
 219345
 219363
 219382
 219400
 219418
 219437
 219455
 219473
 219491
 219508
 219523
 219542
 219558
 219575
 219592
 219609
 219625
 219641
 219658
 219674
 219690
 219706
 219721
 219736
 219752
 219766
 219782
 219797
 219812
 219826
 219841
 219856
 219872
 219887
 219902
 219917
 219931
 219944
 219958
 219972
 219986
 220000
 220013
 220026
 220038
 220050
 220063
 220076
 220089
 220102
 220114
 220128
 220140
 220150
 220163
 220175
 220187
 220198
 220210
 220221
 220232
 220243
 220254
 220264
 220275
 220285
 220296
 220306
 220316
 220325
 220334
 220344
 220353
 220363
 220373
 220382
 220392
 220401
 220410
 220419
 220428
 220438
 220448
 220458
 220468
 220478
 220485
 220493
 220501
 220511
 220520
 220528
 220537
 220544
 220552
 220560
 220567
 220574
 220581
 220588
 220595
 220602
 220608
 220614
 220620
 220625
 220630
 220636
 220641
 220646
 220650
 220655
 220659
 220664
 220668
 220672
 220676
 220679
 220683
 220687
 220690
 220694
 220697
 220700
 220704
 220707
 220711
 220714
 220717
 220720
 220723
 220726
 220729
 220732
 220734
 220736
 220738
 220739
 220741
 220742
 220743
 220744
 220744
 220745
 220745
 220745
 220745
 220745
 220745
 220745
 220745
 220744
 220744
 220742
 220742
 220741
 220740
 220740
 220739
 220738
 220738
 220737
 220737
 220737
 220737
 220737
 220736
 220736
 220736
 220736
 220736
 220736
 220736
 220736
 220736
 220736
 220736
 220736
 220736
 220736
 220736
 220736
 220736
 220736
 220736
 220736
 220736
 220736
 220736
 220736
 220736
 220736
 220736
 220736
 220736
 220736
 220736
 220736
 220736
 220736
 220736
 220736
 220736
 220736
 220736
 220736
 220736
 220736
 220736
 220736
 220736
 220736
 220736
 220736
 220736
 220736
 220736
 220736
 220736
 220736
 220736
 220736
 220736
 220736
 220736
 220736
 220736
 220736
 220736
 220736
 220736
 220736
 220736
 220736
 220736
 220736
 220736
 220736
 220736
 220736
 220736
 220736
 220736
 220736
 220736
 220736
 220736
 220736
 220736
 220736
 220736
 220736
 220736
 220736
 220736
 220736
 220736
 220736
 220736
 220736
 220736
 220736
 220736
 220736
 220736
 220736
 220736
 220736
 220736
 220736
 220736
 220736
 220736
 220736
 220736
 220736
 220736
 220736
 220736
 220736
 220736
 220736
 220736
 220736
 220736
 220736
 220736
 220736
 220736
 220736
 220736
 220736
 220736
 220736
 220736
 220736
 220736
 220736
 220736
 220736
 220736
 220736
 220736
 220736
 220736
 220736
 220736
 220736
 220736
 220736
 220736
 220736
 220736
 220736
 220736
 220736
 220736
 220736
 220736
 220736
 220736
 220736
 220736
 220736
 220736
 220736
 220736
 220736
 220736
 220736
 220736
 220736
 220736
 220736
 220736
 220736
 220736
 220736
 220736
 220736
 220736
 220736
 220736
 220736
 220736
 220736
 220736
 220736
 220736
 220736
 220736
 220736
 220736
 220736
 220736
 220736
 220736
 220736
 220736
 220736
 220736
 220736
 220736
 220736
 220736
 220736
 220736
 220736
 220736
 220736
 220736
 220736
 220736
 220736
 220736
 220736
 220736
 220736
 220736
 220736
 220736
 220736
 220736
 220736
 220736
 220736
 220736
 220736
 220736
 220736
 220736
 220736
 220736
 220736
 220736
 220736
 220736
 220736
 220736
 220736
 220736
 220736
 220736
 220736
 220736
 220736
 220736
 220736
 220736
 220736
 220736
 220736
 220736
 220736
 220736
 220736
 220736
 220736
 220736
 220736
 220736
 220736
 220736
 220736
 220736
 220736
 220736
 220736
 220736
 220736
 220736
 220736
 220736
 220736
 220736
 220736
 220736
 220736
 220736
 220736
 220736
 220736
 220736
 220736
 220736
 220736
 220736
 220736
 220736
 220736
 220736
 220736
 220736
 220736
 220736
 220736
 220736
 220736
 220736
 220736
 220736
 220736
 220736
 220736
 220736
 220736
 220736
 220736
 220736
 220736
 220736
 220736
 220736
 220736
 220736
 220736
 220736
 220736
 220736
 220736
 220736
 220736
 220736
 220736
 220736
 220736
 220736
 220736
 220736
 220736
 220736
 220736
 220736
 220736
 220736
 220736
 220736
 220736
 220736
 220736
 220736
 220736
 220736
 220736
 220736
 220736
 220736
 220736
 220736
 220736
 220736
 220736
 220736
 220736
 220736
 220736
 220736
 220736
 220736
 220736
 220736
 220736
 220736
 220736
 220736
 220736
 220736
 220736
 220736
 220736
 220736
 220736
 220736
 220736
 220736
 220742
 220764
 220793
 220826
 220860
 220896
 220933
 220971
 221009
 221055
 221116
 221185
 221256
 221324
 221389
 221453
 221515
 221573
 221625
 221672
 221712
 221747
 221780
 221810
 221846
 221895
 221953
 222014
 222074
 222131
 222188
 222245
 222302
 222358
 222414
 222472
 222532
 222592
 222654
 222719
 222783
 222847
 222909
 222969
 223027
 223085
 223145
 223207
 223274
 223344
 223416
 223489
 223562
 223632
 223700
 223766
 223832
 223900
 223970
 224043
 224118
 224193
 224269
 224348
 224429
 224512
 224594
 224673
 224750
 224824
 224900
 224978
 225055
 225137
 225229
 225330
 225437
 225548
 225658
 225764
 225848
 225907
 225965
 226031
 226101
 226176
 226254
 226336
 226420
 226509
 226604
 226701
 226795
 226889
 226974
 227041
 227101
 227170
 227236
 227312
 227392
 227479
 227570
 227666
 227763
 227864
 227968
 228075
 228177
 228279
 228379
 228481
 228587
 228693
 228800
 228912
 229030
 229149
 229266
 229382
 229502
 229631
 229759
 229878
 229998
 230113
 230226
 230337
 230446
 230553
 230660
 230766
 230871
 230979
 231088
 231199
 231307
 231414
 231518
 231619
 231722
 231822
 231920
 232020
 232119
 232220
 232325
 232426
 232528
 232635
 232740
 232841
 232941
 233038
 233138
 233239
 233338
 233438
 233533
 233629
 233731
 233829
 233924
 234020
 234110
 234202
 234302
 234394
 234481
 234576
 234676
 234773
 234865
 234961
 235054
 235155
 235256
 235357
 235457
 235555
 235655
 235760
 235866
 235970
 236072
 236178
 236288
 236395
 236505
 236619
 236729
 236841
 236960
 237076
 237191
 237311
 237429
 237546
 237672
 237799
 237915
 238041
 238175
 238300
 238427
 238554
 238678
 238803
 238931
 239056
 239182
 239299
 239412
 239531
 239647
 239758
 239871
 239980
 240082
 240187
 240288
 240392
 240496
 240590
 240683
 240780
 240871
 240968
 241075
 241184
 241301
 241402
 241488
 241589
 241704
 241813
 241910
 242012
 242116
 242222
 242328
 242423
 242517
 242621
 242724
 242828
 242931
 243031
 243131
 243233
 243331
 243430
 243528
 243625
 243728
 243834
 243945
 244055
 244166
 244280
 244396
 244509
 244625
 244745
 244867
 244994
 245117
 245235
 245358
 245481
 245598
 245718
 245839
 245954
 246081
 246209
 246330
 246451
 246574
 246698
 246818
 246942
 247069
 247191
 247309
 247431
 247554
 247674
 247794
 247912
 248026
 248142
 248254
 248360
 248467
 248570
 248671
 248774
 248875
 248979
 249081
 249181
 249281
 249382
 249487
 249593
 249694
 249795
 249894
 249992
 250102
 250210
 250311
 250410
 250509
 250606
 250699
 250791
 250888
 250992
 251098
 251201
 251301
 251399
 251501
 251606
 251710
 251813
 251917
 252020
 252124
 252231
 252337
 252443
 252552
 252665
 252778
 252890
 253006
 253122
 253242
 253367
 253488
 253600
 253727
 253851
 253971
 254099
 254227
 254350
 254484
 254616
 254741
 254877
 255004
 255132
 255257
 255372
 255494
 255619
 255738
 255854
 255971
 256088
 256205
 256319
 256421
 256526
 256628
 256733
 256840
 256942
 257043
 257141
 257237
 257334
 257438
 257549
 257654
 257756
 257856
 257961
 258068
 258170
 258266
 258376
 258488
 258597
 258702
 258797
 258889
 258990
 259092
 259197
 259301
 259400
 259499
 259598
 259696
 259797
 259898
 260002
 260109
 260216
 260322
 260431
 260545
 260658
 260772
 260888
 261008
 261127
 261246
 261366
 261486
 261604
 261723
 261846
 261968
 262094
 262215
 262333
 262457
 262589
 262721
 262851
 262973
 263096
 263216
 263335
 263457
 263578
 263700
 263823
 263943
 264066
 264186
 264301
 264415
 264525
 264632
 264735
 264840
 264945
 265050
 265157
 265265
 265374
 265483
 265596
 265705
 265805
 265900
 265995
 266086
 266182
 266285
 266388
 266491
 266596
 266698
 266796
 266891
 266985
 267081
 267177
 267278
 267384
 267488
 267589
 267692
 267796
 267899
 268005
 268111
 268216
 268320
 268425
 268530
 268637
 268743
 268850
 268960
 269074
 269183
 269300
 269419
 269533
 269649
 269775
 269897
 270017
 270146
 270267
 270394
 270527
 270655
 270778
 270914
 271043
 271167
 271298
 271423
 271549
 271679
 271797
 271916
 272034
 272149
 272270
 272389
 272503
 272614
 272724
 272836
 272942
 273043
 273149
 273262
 273366
 273465
 273576
 273689
 273785
 273883
 273993
 274090
 274175
 274259
 274366
 274480
 274573
 274663
 274774
 274891
 275005
 275110
 275203
 275296
 275393
 275495
 275605
 275717
 275823
 275926
 276024
 276121
 276219
 276319
 276426
 276536
 276646
 276761
 276877
 276996
 277115
 277233
 277350
 277473
 277591
 277711
 277831
 277950
 278073
 278197
 278320
 278445
 278571
 278694
 278820
 278947
 279070
 279192
 279315
 279437
 279555
 279674
 279798
 279921
 280041
 280162
 280288
 280410
 280529
 280647
 280758
 280869
 280977
 281084
 281192
 281297
 281400
 281506
 281613
 281724
 281831
 281935
 282036
 282133
 282229
 282324
 282418
 282509
 282605
 282706
 282813
 282922
 283028
 283132
 283227
 283320
 283421
 283523
 283624
 283725
 283827
 283930
 284035
 284140
 284244
 284347
 284450
 284555
 284662
 284767
 284869
 284971
 285076
 285182
 285291
 285406
 285522
 285637
 285756
 285875
 285987
 286111
 286235
 286352
 286476
 286599
 286716
 286847
 286981
 287107
 287236
 287370
 287499
 287631
 287755
 287884
 288010
 288124
 288242
 288364
 288485
 288604
 288722
 288836
 288953
 289072
 289183
 289284
 289387
 289495
 289606
 289713
 289807
 289907
 290012
 290110
 290212
 290323
 290424
 290520
 290611
 290707
 290817
 290929
 291023
 291114
 291213
 291321
 291438
 291552
 291655
 291752
 291844
 291938
 292037
 292140
 292244
 292350
 292452
 292549
 292646
 292747
 292854
 292964
 293073
 293182
 293293
 293411
 293529
 293646
 293762
 293878
 293998
 294120
 294238
 294354
 294472
 294593
 294714
 294836
 294961
 295081
 295207
 295334
 295457
 295581
 295705
 295830
 295953
 296078
 296203
 296326
 296447
 296571
 296697
 296820
 296941
 297058
 297173
 297294
 297405
 297510
 297615
 297713
 297810
 297912
 298014
 298115
 298220
 298327
 298429
 298528
 298623
 298723
 298828
 298938
 299042
 299139
 299241
 299341
 299445
 299548
 299648
 299749
 299853
 299951
 300049
 300150
 300251
 300352
 300458
 300563
 300667
 300769
 300869
 300970
 301073
 301176
 301279
 301382
 301486
 301592
 301702
 301815
 301924
 302042
 302162
 302282
 302400
 302525
 302647
 302762
 302885
 303013
 303138
 303268
 303400
 303525
 303659
 303793
 303923
 304048
 304172
 304303
 304419
 304531
 304651
 304771
 304885
 305001
 305120
 305236
 305348
 305462
 305574
 305681
 305786
 305900
 306019
 306126
 306222
 306326
 306438
 306541
 306635
 306720
 306807
 306905
 306999
 307100
 307208
 307311
 307413
 307520
 307627
 307740
 307855
 307962
 308061
 308156
 308253
 308356
 308463
 308569
 308673
 308775
 308871
 308967
 309063
 309163
 309266
 309373
 309480
 309588
 309701
 309818
 309933
 310045
 310161
 310278
 310395
 310516
 310638
 310758
 310878
 310998
 311117
 311239
 311365
 311485
 311611
 311736
 311859
 311985
 312109
 312234
 312357
 312481
 312605
 312727
 312847
 312971
 313094
 313217
 313338
 313455
 313570
 313685
 313794
 313902
 314011
 314114
 314215
 314314
 314411
 314509
 314608
 314709
 314809
 314911
 315015
 315122
 315226
 315325
 315424
 315524
 315631
 315736
 315839
 315941
 316043
 316149
 316254
 316356
 316453
 316552
 316654
 316755
 316857
 316960
 317060
 317163
 317265
 317367
 317471
 317572
 317675
 317780
 317888
 317995
 318103
 318218
 318328
 318444
 318565
 318683
 318797
 318918
 319036
 319156
 319281
 319405
 319537
 319669
 319794
 319929
 320062
 320185
 320317
 320448
 320567
 320690
 320811
 320930
 321052
 321170
 321282
 321400
 321519
 321632
 321742
 321855
 321967
 322075
 322178
 322285
 322399
 322502
 322597
 322699
 322800
 322898
 323002
 323105
 323205
 323305
 323399
 323496
 323606
 323709
 323811
 323914
 324023
 324135
 324250
 324365
 324480
 324591
 324701
 324809
 324916
 325018
 325111
 325202
 325292
 325382
 325473
 325568
 325667
 325770
 325875
 325981
 326089
 326200
 326313
 326424
 326539
 326656
 326774
 326893
 327012
 327133
 327255
 327375
 327495
 327613
 327731
 327851
 327975
 328101
 328224
 328347
 328471
 328594
 328715
 328834
 328955
 329073
 329188
 329302
 329419
 329534
 329647
 329758
 329864
 329965
 330062
 330157
 330260
 330373
 330485
 330589
 330685
 330784
 330895
 331004
 331108
 331219
 331327
 331422
 331509
 331592
 331677
 331769
 331856
 331939
 332027
 332110
 332190
 332271
 332354
 332433
 332520
 332604
 332689
 332773
 332860
 332951
 333041
 333130
 333220
 333305
 333390
 333476
 333561
 333646
 333731
 333816
 333901
 333986
 334074
 334162
 334254
 334343
 334432
 334525
 334618
 334707
 334799
 334889
 334983
 335072
 335164
 335259
 335354
 335444
 335541
 335642
 335732
 335822
 335919
 336025
 336120
 336213
 336310
 336412
 336505
 336597
 336688
 336780
 336870
 336963
 337051
 337139
 337227
 337318
 337406
 337492
 337576
 337660
 337745
 337830
 337913
 337995
 338075
 338156
 338236
 338311
 338387
 338464
 338543
 338621
 338696
 338772
 338846
 338918
 338988
 339060
 339130
 339198
 339269
 339341
 339415
 339485
 339553
 339620
 339685
 339750
 339819
 339889
 339960
 340029
 340097
 340166
 340238
 340310
 340380
 340450
 340524
 340599
 340671
 340741
 340805
 340868
 340931
 340997
 341064
 341133
 341198
 341260
 341320
 341380
 341443
 341508
 341572
 341637
 341702
 341769
 341837
 341905
 341974
 342045
 342115
 342186
 342255
 342325
 342399
 342472
 342545
 342618
 342690
 342763
 342837
 342911
 342984
 343058
 343132
 343204
 343274
 343346
 343418
 343490
 343564
 343640
 343716
 343792
 343869
 343950
 344030
 344108
 344183
 344259
 344340
 344417
 344489
 344561
 344634
 344705
 344776
 344847
 344917
 344987
 345056
 345126
 345195
 345263
 345332
 345400
 345466
 345533
 345600
 345667
 345735
 345800
 345864
 345925
 345989
 346054
 346117
 346179
 346236
 346291
 346346
 346403
 346458
 346510
 346564
 346617
 346672
 346728
 346788
 346849
 346906
 346957
 347002
 347045
 347091
 347145
 347204
 347261
 347313
 347358
 347404
 347452
 347503
 347556
 347604
 347651
 347694
 347741
 347791
 347843
 347894
 347940
 347982
 348024
 348071
 348122
 348172
 348218
 348259
 348300
 348343
 348390
 348438
 348483
 348525
 348567
 348610
 348654
 348699
 348741
 348781
 348821
 348864
 348908
 348950
 348988
 349027
 349066
 349109
 349154
 349198
 349241
 349283
 349325
 349365
 349405
 349446
 349489
 349531
 349573
 349612
 349651
 349692
 349735
 349779
 349823
 349865
 349908
 349949
 349989
 350029
 350071
 350113
 350154
 350195
 350236
 350277
 350319
 350362
 350406
 350449
 350492
 350535
 350578
 350623
 350666
 350709
 350752
 350797
 350841
 350884
 350929
 350969
 351010
 351054
 351096
 351138
 351180
 351224
 351268
 351308
 351349
 351392
 351433
 351476
 351520
 351565
 351611
 351650
 351691
 351732
 351774
 351814
 351853
 351894
 351939
 351984
 352024
 352063
 352105
 352146
 352185
 352225
 352267
 352312
 352356
 352396
 352435
 352476
 352515
 352554
 352593
 352632
 352673
 352709
 352745
 352782
 352820
 352855
 352888
 352921
 352956
 352992
 353028
 353065
 353097
 353129
 353164
 353196
 353230
 353264
 353297
 353329
 353360
 353391
 353421
 353453
 353486
 353517
 353548
 353580
 353610
 353641
 353672
 353705
 353737
 353769
 353799
 353830
 353859
 353889
 353919
 353948
 353977
 354004
 354033
 354062
 354091
 354120
 354144
 354169
 354195
 354225
 354252
 354277
 354301
 354327
 354355
 354380
 354404
 354429
 354453
 354472
 354492
 354516
 354542
 354567
 354590
 354614
 354637
 354658
 354679
 354701
 354723
 354744
 354764
 354784
 354802
 354820
 354841
 354863
 354885
 354906
 354927
 354948
 354968
 354987
 355004
 355021
 355039
 355058
 355076
 355093
 355108
 355123
 355139
 355157
 355175
 355191
 355206
 355223
 355240
 355256
 355271
 355285
 355299
 355311
 355324
 355338
 355353
 355368
 355382
 355395
 355407
 355419
 355430
 355440
 355451
 355464
 355476
 355489
 355501
 355515
 355528
 355539
 355550
 355562
 355573
 355585
 355596
 355608
 355618
 355629
 355640
 355650
 355662
 355672
 355683
 355693
 355704
 355714
 355724
 355734
 355743
 355753
 355762
 355772
 355782
 355792
 355802
 355812
 355822
 355831
 355839
 355848
 355856
 355864
 355872
 355880
 355887
 355895
 355902
 355908
 355915
 355922
 355928
 355934
 355940
 355945
 355951
 355957
 355962
 355966
 355971
 355975
 355980
 355984
 355988
 355992
 355996
 355999
 356003
 356006
 356009
 356012
 356015
 356018
 356021
 356025
 356027
 356030
 356032
 356034
 356037
 356040
 356042
 356044
 356045
 356047
 356048
 356050
 356051
 356052
 356053
 356054
 356054
 356055
 356056
 356056
 356057
 356057
 356057
 356057
 356058
 356058
 356058
 356058
 356058
 356058
 356058
 356058
 356058
 356058
 356058
 356058
 356058
 356058
 356058
 356058
 356058
 356058
 356058
 356059
 356059
 356059
 356059
 356059
 356059
 356059
 356059
 356059
 356059
 356059
 356059
 356059
 356059
 356059
 356059
 356059
 356059
 356059
 356059
 356059
 356059
 356059
 356059
 356059
 356059
 356059
 356059
 356059
 356059
 356059
 356059
 356059
 356059
 356059
 356059
 356059
 356059
 356059
 356059
 356059
 356059
 356059
 356059
 356059
 356059
 356059
 356059
 356059
 356059
 356059
 356059
 356059
 356059
 356059
 356059
 356059
 356059
 356059
 356059
 356059
 356059
 356059
 356059
 356059
 356059
 356059
 356059
 356059
 356059
 356059
 356059
 356059
 356059
 356059
 356059
 356059
 356059
 356059
 356059
 356059
 356059
 356059
 356059
 356059
 356059
 356059
 356059
 356059
 356059
 356059
 356059
 356059
 356059
 356059
 356059
 356059
 356059
 356059
 356059
 356059
 356059
 356059
 356059
 356059
 356059
 356059
 356059
 356059
 356059
 356059
 356059
 356059
 356059
 356059
 356059
 356059
 356059
 356059
 356059
 356059
 356059
 356059
 356059
 356059
 356059
 356059
 356059
 356059
 356059
 356059
 356059
 356059
 356059
 356059
 356059
 356059
 356059
 356059
 356059
 356059
 356059
 356059
 356059
 356059
 356059
 356059
 356059
 356059
 356059
 356059
 356059
 356059
 356059
 356059
 356059
 356059
 356059
 356059
 356059
 356059
 356059
 356059
 356059
 356059
 356059
 356059
 356059
 356059
 356059
 356059
 356059
 356059
 356059
 356059
 356059
 356059
 356059
 356059
 356059
 356059
 356059
 356059
 356059
 356059
 356059
 356059
 356059
 356059
 356059
 356059
 356059
 356059
 356059
 356059
 356059
 356059
 356059
 356059
 356059
 356059
 356059
 356059
 356059
 356059
 356059
 356059
 356059
 356059
 356059
 356059
 356059
 356059
 356059
 356059
 356059
 356059
 356059
 356059
 356059
 356059
 356059
 356059
 356059
 356059
 356059
 356059
 356059
 356059
 356059
 356059
 356059
 356059
 356059
 356059
 356059
 356059
 356059
 356059
 356059
 356059
 356059
 356059
 356059
 356059
 356059
 356059
 356059
 356059
 356059
 356059
 356059
 356059
 356059
 356059
 356059
 356059
 356059
 356059
 356059
 356059
 356059
 356059
 356059
 356059
 356059
 356059
 356059
 356059
 356059
 356059
 356059
 356059
 356059
 356059
 356059
 356059
 356059
 356059
 356059
 356059
 356059
 356059
 356059
 356059
 356059
 356059
 356059
 356059
 356059
 356059
 356059
 356059
 356059
 356059
 356059
 356059
 356059
 356059
 356059
 356059
 356059
 356059
 356059
 356059
 356059
 356059
 356059
 356059
 356059
 356059
 356059
 356059
 356059
 356059
 356059
 356059
 356059
 356059
 356059
 356059
 356059
 356059
 356059
 356059
 356059
 356059
 356059
 356059
 356059
 356059
 356059
 356059
 356059
 356059
 356059
 356059
 356059
 356059
 356059
 356059
 356059
 356059
 356059
 356059
 356059
 356059
 356059
 356059
 356059
 356059
 356059
 356059
 356059
 356059
 356059
 356059
 356059
 356059
 356059
 356059
 356059
 356059
 356059
 356059
 356059
 356059
 356059
 356059
 356059
 356059
 356059
 356059
 356059
 356059
 356059
 356059
 356059
 356059
 356059
 356059
