-20
 -20
 -20
 -20
 -20
 -20
 -20
 -20
 -20
 -20
 -20
 -20
 -20
 -20
 -20
 -20
 -20
 -20
 -20
 -20
 -20
 -20
 -20
 -20
 -20
 -20
 -20
 -20
 -20
 -20
 -20
 -20
 -20
 -20
 -20
 -20
 -20
 -20
 -20
 -20
 -20
 -20
 -20
 -20
 -20
 -20
 -20
 -20
 -20
 -20
 -20
 -20
 -20
 -20
 -20
 -20
 -20
 -20
 -20
 -20
 -20
 -20
 -20
 -20
 -20
 -20
 -20
 -20
 -20
 -20
 -20
 -20
 -20
 -20
 -20
 -20
 -20
 -20
 -20
 -20
 -20
 -20
 -20
 -20
 -20
 -20
 -20
 -20
 -20
 -20
 -20
 -20
 -20
 -20
 -20
 -20
 -20
 -20
 -20
 -20
 -20
 -20
 -20
 -20
 -20
 -20
 -20
 -20
 -20
 -20
 -20
 -20
 -20
 -20
 -20
 -20
 -20
 -20
 -20
 -20
 -20
 -20
 -20
 -20
 -20
 -20
 -20
 -20
 -20
 -20
 -20
 -20
 -20
 -20
 -20
 -20
 -20
 -20
 -20
 -20
 -20
 -20
 -20
 -20
 -20
 -20
 -20
 -20
 -20
 -20
 -20
 -20
 -20
 -20
 -20
 -20
 -20
 -20
 -20
 -20
 -20
 -20
 -20
 -20
 -20
 -20
 -20
 -20
 -20
 -20
 -20
 -20
 -20
 -20
 -20
 -20
 -20
 -20
 -20
 -20
 -20
 -20
 -20
 -20
 -20
 -20
 -20
 -20
 -20
 -20
 -20
 -20
 -20
 -20
 -20
 -20
 -20
 -20
 -20
 -20
 -20
 -20
 -20
 -20
 -20
 -20
 -20
 -20
 -20
 -20
 -20
 -20
 -20
 -20
 -20
 -20
 -20
 -20
 -20
 -20
 -20
 -20
 -20
 -20
 -20
 -20
 -20
 -20
 -20
 -20
 -20
 -20
 -20
 -20
 -20
 -20
 -20
 -20
 -20
 -20
 -20
 -20
 -20
 -20
 -20
 -20
 -20
 -20
 -20
 -20
 -20
 -20
 -20
 -20
 -20
 -20
 -20
 -20
 -20
 -20
 -20
 -20
 -20
 -20
 -20
 -20
 -20
 -20
 -20
 -20
 -20
 -20
 -20
 -20
 -20
 -20
 -20
 -20
 -20
 -20
 -20
 -20
 -20
 -20
 -20
 -20
 -20
 -20
 -20
 -20
 -20
 -20
 -20
 -20
 -20
 -20
 -20
 -20
 -20
 -20
 -20
 -20
 -20
 -20
 -20
 -20
 -20
 -20
 -20
 -20
 -20
 -20
 -20
 -20
 -20
 -20
 -20
 -20
 -20
 -20
 -20
 -20
 -20
 -20
 -20
 -20
 -20
 -20
 -20
 -20
 -20
 -20
 -20
 -20
 -20
 -20
 -20
 -20
 -20
 -20
 -20
 -20
 -20
 -20
 -20
 -20
 -20
 -20
 -20
 -20
 -20
 -20
 -20
 -20
 -20
 -20
 -20
 -20
 -20
 -20
 -20
 -20
 -20
 -20
 -20
 -20
 -20
 -20
 -20
 -20
 -20
 -20
 -20
 -20
 -20
 -20
 -20
 -20
 -20
 -20
 -20
 -20
 -20
 -20
 -20
 -20
 -20
 -20
 -20
 -20
 -20
 -20
 -20
 -20
 -20
 -20
 -20
 -20
 -20
 -20
 -20
 -20
 -20
 -20
 -20
 -20
 -20
 -20
 -20
 -20
 -20
 -20
 -20
 -20
 -20
 -20
 -20
 -20
 -20
 -20
 -20
 -20
 -20
 -20
 -20
 -20
 -20
 -20
 -20
 -20
 -20
 -20
 -20
 -20
 -20
 -20
 -20
 -20
 -20
 -20
 -20
 -20
 -20
 -20
 -20
 -20
 -20
 -20
 -20
 -20
 -20
 -20
 -20
 -20
 -20
 -20
 -20
 -20
 -20
 -20
 -20
 -20
 -20
 -20
 -20
 -20
 -20
 -20
 -20
 -20
 -20
 -20
 -20
 -20
 -20
 -20
 -20
 -20
 -20
 -20
 -20
 -20
 -20
 -20
 -20
 -20
 -20
 -20
 -20
 -20
 -20
 -20
 -20
 -20
 -20
 -20
 -20
 -20
 -20
 -20
 -20
 -20
 -20
 -20
 -20
 -20
 -20
 -20
 -20
 -20
 -20
 -20
 -20
 -20
 -20
 -20
 -20
 -20
 -20
 -20
 -20
 -20
 -20
 -20
 -20
 -20
 -20
 -20
 -20
 -20
 -20
 -20
 -20
 -20
 -20
 -20
 -20
 -20
 -20
 -20
 -20
 -20
 -20
 -20
 -20
 -20
 -20
 -20
 -20
 -20
 -20
 -20
 -20
 -20
 -20
 -20
 -20
 -20
 -20
 -20
 -20
 -20
 -20
 -20
 -20
 -20
 -20
 -20
 -20
 -20
 -20
 -20
 -20
 -20
 -20
 -20
 -20
 -20
 -20
 -20
 -20
 -20
 -20
 -20
 -20
 -20
 -20
 -20
 -20
 -20
 -20
 -20
 -20
 -20
 -20
 -20
 -20
 -20
 -20
 -20
 -20
 -20
 -20
 -20
 -20
 -20
 -20
 -20
 -20
 -20
 -20
 -20
 -20
 -20
 -20
 -20
 -20
 -20
 -20
 -20
 -20
 -20
 -20
 -20
 -20
 -20
 -20
 -20
 -20
 -20
 -20
 -20
 -20
 -20
 -20
 -20
 -20
 -20
 -20
 -20
 -20
 -20
 -20
 -20
 -20
 -20
 -20
 -20
 -20
 -20
 -20
 -20
 -20
 -20
 -20
 -20
 -20
 -20
 -20
 -20
 -20
 -20
 -20
 -20
 -20
 -20
 -20
 -20
 -20
 -20
 -20
 -20
 -20
 -20
 -20
 -20
 -20
 -20
 -20
 -20
 -20
 -20
 -20
 -20
 -20
 -20
 -20
 -20
 -20
 -20
 -20
 -20
 -20
 -20
 -20
 -20
 -20
 -20
 -20
 -20
 -20
 -20
 -20
 -20
 -20
 -20
 -20
 -20
 -20
 -20
 -20
 -20
 -20
 -20
 -20
 -20
 -20
 -20
 -20
 -20
 -20
 -20
 -20
 -20
 -20
 -20
 -20
 -20
 -20
 -20
 -20
 -20
 -20
 -20
 -20
 -20
 -20
 -20
 -20
 -20
 -20
 -20
 -20
 -20
 -20
 -20
 -20
 -20
 -20
 -20
 -20
 -20
 -20
 -20
 -20
 -20
 -20
 -20
 -20
 -20
 -20
 -20
 -20
 -20
 -20
 -20
 -20
 -20
 -20
 -20
 -20
 -20
 -20
 -20
 -20
 -20
 -20
 -20
 -20
 -20
 -20
 -20
 -20
 -20
 -20
 -20
 -20
 -20
 -20
 -20
 -20
 -20
 -20
 -20
 -20
 -20
 -20
 -20
 -20
 -20
 -20
 -20
 -20
 -20
 -20
 -20
 -20
 -20
 -20
 -20
 -20
 -20
 -20
 -20
 -20
 -20
 -20
 -20
 -20
 -20
 -20
 -20
 -20
 -20
 -20
 -20
 -20
 -20
 -20
 -20
 -20
 -20
 -20
 -20
 -20
 -20
 -20
 -20
 -20
 -20
 -20
 -20
 -20
 -20
 -20
 -20
 -20
 -20
 -20
 -20
 -20
 -20
 -20
 -20
 -20
 -20
 -20
 -20
 -20
 -20
 -20
 -20
 -20
 -20
 -20
 -20
 -20
 -20
 -20
 -20
 -20
 -20
 -20
 -20
 -20
 -20
 -20
 -20
 -20
 -20
 -20
 -20
 -20
 -20
 -20
 -20
 -20
 -20
 -20
 -20
 -20
 -20
 -20
 -20
 -20
 -20
 -20
 -20
 -20
 -20
 -20
 -20
 -20
 -20
 -20
 -20
 -20
 -20
 -20
 -20
 -20
 -20
 -20
 -20
 -20
 -20
 -20
 -20
 -20
 -20
 -20
 -20
 -20
 -20
 -20
 -20
 -20
 -20
 -20
 -20
 -20
 -20
 -20
 -20
 -20
 -20
 -20
 -20
 -20
 -20
 -20
 -20
 -20
 -20
 -20
 -20
 -20
 -20
 -20
 -20
 -20
 -20
 -20
 -20
 -20
 -20
 -20
 -20
 -20
 -20
 -20
 -20
 -20
 -20
 -20
 -20
 -20
 -20
 -20
 -20
 -20
 -20
 -20
 -20
 -20
 -20
 -20
 -20
 -20
 -20
 -20
 -20
 -20
 -20
 -20
 -20
 -20
 -20
 -20
 -20
 -20
 -20
 -20
 -20
 -20
 -20
 -20
 -20
 -20
 -20
 -20
 -20
 -20
 -20
 -20
 -20
 -20
 -20
 -20
 -20
 -20
 -20
 -20
 -20
 -20
 -20
 -20
 -19
 -15
 -6
 7
 22
 39
 55
 70
 87
 104
 120
 136
 152
 169
 187
 209
 234
 261
 286
 307
 323
 339
 361
 389
 416
 440
 459
 479
 502
 528
 555
 581
 606
 631
 656
 681
 706
 733
 762
 791
 821
 854
 886
 918
 947
 976
 1006
 1038
 1071
 1104
 1139
 1175
 1211
 1250
 1291
 1331
 1366
 1400
 1431
 1463
 1500
 1539
 1578
 1616
 1652
 1688
 1722
 1756
 1792
 1831
 1870
 1908
 1949
 1990
 2032
 2071
 2111
 2150
 2189
 2229
 2272
 2317
 2363
 2408
 2452
 2496
 2539
 2582
 2623
 2666
 2708
 2752
 2798
 2844
 2888
 2933
 2977
 3026
 3076
 3125
 3173
 3219
 3265
 3312
 3361
 3410
 3460
 3510
 3560
 3608
 3656
 3706
 3759
 3808
 3855
 3903
 3953
 4005
 4058
 4112
 4164
 4215
 4266
 4320
 4377
 4432
 4488
 4542
 4597
 4650
 4705
 4760
 4817
 4873
 4931
 4989
 5046
 5104
 5162
 5220
 5278
 5337
 5396
 5454
 5513
 5572
 5631
 5690
 5749
 5810
 5873
 5937
 6001
 6065
 6129
 6193
 6255
 6317
 6378
 6439
 6501
 6563
 6624
 6685
 6746
 6807
 6869
 6933
 6999
 7066
 7132
 7198
 7264
 7330
 7397
 7464
 7530
 7597
 7662
 7727
 7793
 7860
 7925
 7991
 8058
 8127
 8195
 8263
 8331
 8398
 8463
 8527
 8591
 8653
 8715
 8775
 8833
 8891
 8951
 9013
 9079
 9149
 9221
 9294
 9367
 9437
 9505
 9568
 9629
 9690
 9750
 9810
 9871
 9932
 9995
 10062
 10130
 10198
 10265
 10330
 10397
 10463
 10529
 10595
 10662
 10730
 10799
 10867
 10935
 11003
 11073
 11143
 11215
 11286
 11356
 11426
 11498
 11570
 11641
 11713
 11785
 11858
 11933
 12008
 12083
 12157
 12230
 12305
 12380
 12457
 12535
 12616
 12696
 12775
 12855
 12935
 13014
 13093
 13172
 13253
 13334
 13415
 13496
 13576
 13656
 13737
 13818
 13899
 13981
 14064
 14145
 14226
 14306
 14385
 14467
 14553
 14640
 14725
 14807
 14887
 14967
 15048
 15129
 15210
 15291
 15373
 15454
 15533
 15610
 15686
 15764
 15846
 15928
 16006
 16079
 16152
 16227
 16306
 16386
 16464
 16539
 16617
 16695
 16774
 16853
 16929
 17006
 17083
 17158
 17231
 17308
 17385
 17459
 17532
 17606
 17682
 17758
 17833
 17909
 17985
 18059
 18129
 18198
 18272
 18346
 18421
 18495
 18569
 18641
 18710
 18778
 18852
 18932
 19008
 19079
 19150
 19225
 19302
 19380
 19456
 19533
 19611
 19688
 19767
 19848
 19928
 20005
 20078
 20151
 20226
 20302
 20380
 20462
 20544
 20624
 20703
 20783
 20865
 20947
 21029
 21112
 21195
 21277
 21358
 21439
 21521
 21603
 21686
 21769
 21852
 21933
 22014
 22095
 22175
 22255
 22334
 22414
 22494
 22574
 22653
 22733
 22813
 22892
 22974
 23057
 23143
 23230
 23318
 23404
 23489
 23573
 23658
 23743
 23828
 23912
 23996
 24080
 24165
 24248
 24330
 24413
 24496
 24578
 24659
 24741
 24824
 24906
 24988
 25069
 25149
 25226
 25304
 25383
 25462
 25542
 25622
 25703
 25783
 25862
 25941
 26018
 26094
 26167
 26241
 26315
 26389
 26466
 26544
 26625
 26704
 26780
 26857
 26938
 27018
 27098
 27178
 27260
 27342
 27424
 27506
 27588
 27669
 27750
 27832
 27915
 27997
 28081
 28165
 28248
 28331
 28414
 28501
 28591
 28677
 28763
 28852
 28944
 29036
 29127
 29219
 29310
 29402
 29494
 29585
 29678
 29769
 29860
 29951
 30042
 30133
 30225
 30317
 30407
 30495
 30584
 30673
 30764
 30855
 30949
 31046
 31140
 31227
 31312
 31400
 31491
 31582
 31672
 31760
 31849
 31938
 32024
 32109
 32195
 32281
 32368
 32455
 32540
 32625
 32714
 32801
 32884
 32965
 33048
 33132
 33218
 33303
 33387
 33468
 33549
 33632
 33719
 33802
 33885
 33967
 34049
 34131
 34211
 34291
 34371
 34451
 34531
 34610
 34688
 34764
 34837
 34909
 34983
 35058
 35134
 35213
 35297
 35379
 35458
 35536
 35613
 35693
 35772
 35849
 35928
 36009
 36091
 36173
 36255
 36339
 36419
 36500
 36581
 36663
 36744
 36829
 36918
 37004
 37088
 37173
 37260
 37347
 37435
 37524
 37610
 37696
 37782
 37868
 37954
 38040
 38127
 38213
 38298
 38382
 38466
 38551
 38634
 38718
 38802
 38885
 38970
 39054
 39139
 39226
 39313
 39403
 39493
 39583
 39671
 39760
 39850
 39939
 40029
 40118
 40207
 40295
 40383
 40470
 40556
 40641
 40726
 40810
 40895
 40978
 41061
 41145
 41228
 41310
 41393
 41478
 41563
 41647
 41730
 41812
 41894
 41975
 42059
 42145
 42229
 42310
 42386
 42460
 42531
 42601
 42672
 42746
 42828
 42913
 42997
 43079
 43159
 43241
 43325
 43409
 43494
 43580
 43666
 43751
 43833
 43914
 43998
 44083
 44170
 44254
 44337
 44419
 44504
 44590
 44676
 44761
 44852
 44943
 45033
 45121
 45212
 45308
 45403
 45496
 45590
 45683
 45777
 45871
 45965
 46058
 46152
 46247
 46342
 46436
 46530
 46624
 46717
 46809
 46902
 46997
 47092
 47186
 47282
 47378
 47473
 47566
 47659
 47752
 47846
 47939
 48032
 48120
 48209
 48298
 48388
 48475
 48563
 48650
 48737
 48821
 48904
 48990
 49079
 49167
 49254
 49341
 49429
 49517
 49604
 49690
 49777
 49863
 49946
 50027
 50115
 50202
 50290
 50378
 50464
 50549
 50632
 50715
 50798
 50880
 50958
 51033
 51108
 51179
 51253
 51330
 51407
 51484
 51562
 51647
 51733
 51816
 51895
 51973
 52052
 52133
 52214
 52297
 52381
 52464
 52545
 52626
 52709
 52791
 52875
 52960
 53044
 53127
 53210
 53296
 53384
 53472
 53559
 53644
 53730
 53817
 53905
 53993
 54079
 54165
 54249
 54333
 54419
 54507
 54596
 54686
 54775
 54864
 54951
 55039
 55127
 55215
 55302
 55390
 55478
 55565
 55653
 55741
 55829
 55917
 56005
 56091
 56178
 56265
 56354
 56444
 56535
 56624
 56712
 56800
 56887
 56974
 57061
 57147
 57233
 57319
 57405
 57491
 57577
 57662
 57745
 57829
 57913
 57997
 58082
 58167
 58252
 58338
 58423
 58508
 58592
 58677
 58760
 58842
 58921
 58999
 59078
 59158
 59239
 59322
 59404
 59488
 59571
 59653
 59733
 59813
 59896
 59978
 60062
 60146
 60229
 60315
 60402
 60489
 60575
 60660
 60746
 60834
 60922
 61010
 61095
 61180
 61267
 61356
 61443
 61531
 61622
 61715
 61807
 61900
 61996
 62090
 62184
 62278
 62373
 62469
 62565
 62660
 62755
 62848
 62942
 63036
 63132
 63227
 63320
 63410
 63501
 63595
 63691
 63788
 63884
 63978
 64070
 64160
 64252
 64345
 64438
 64530
 64624
 64716
 64806
 64896
 64988
 65079
 65167
 65255
 65341
 65426
 65512
 65598
 65685
 65771
 65858
 65944
 66030
 66116
 66199
 66280
 66362
 66449
 66537
 66622
 66703
 66785
 66868
 66951
 67032
 67114
 67195
 67277
 67361
 67446
 67531
 67615
 67699
 67781
 67861
 67937
 68011
 68087
 68163
 68239
 68314
 68389
 68469
 68552
 68639
 68726
 68809
 68891
 68975
 69061
 69148
 69234
 69320
 69407
 69495
 69581
 69668
 69755
 69843
 69931
 70020
 70107
 70194
 70280
 70366
 70452
 70537
 70621
 70705
 70788
 70873
 70959
 71045
 71131
 71217
 71302
 71386
 71471
 71556
 71641
 71727
 71814
 71900
 71989
 72079
 72172
 72266
 72359
 72451
 72543
 72634
 72726
 72819
 72911
 73002
 73090
 73177
 73263
 73349
 73436
 73523
 73611
 73697
 73783
 73870
 73955
 74040
 74124
 74208
 74293
 74375
 74458
 74541
 74625
 74709
 74791
 74875
 74957
 75037
 75116
 75195
 75276
 75353
 75432
 75510
 75589
 75666
 75741
 75818
 75896
 75974
 76050
 76128
 76207
 76288
 76369
 76449
 76530
 76610
 76689
 76770
 76851
 76933
 77013
 77093
 77175
 77256
 77337
 77420
 77502
 77585
 77667
 77749
 77833
 77917
 78004
 78089
 78173
 78259
 78344
 78429
 78516
 78602
 78689
 78776
 78862
 78949
 79037
 79123
 79207
 79290
 79373
 79455
 79535
 79614
 79693
 79772
 79851
 79928
 80005
 80085
 80166
 80242
 80315
 80390
 80468
 80546
 80624
 80700
 80775
 80851
 80927
 81004
 81080
 81154
 81226
 81299
 81371
 81442
 81513
 81585
 81657
 81725
 81791
 81858
 81926
 81992
 82054
 82116
 82182
 82250
 82318
 82382
 82444
 82505
 82568
 82630
 82690
 82748
 82806
 82864
 82921
 82979
 83037
 83094
 83151
 83209
 83266
 83322
 83378
 83437
 83497
 83552
 83604
 83655
 83708
 83765
 83822
 83876
 83929
 83983
 84041
 84097
 84153
 84208
 84262
 84316
 84370
 84425
 84479
 84530
 84582
 84634
 84686
 84739
 84792
 84847
 84900
 84953
 85006
 85061
 85115
 85167
 85219
 85274
 85331
 85387
 85442
 85497
 85551
 85606
 85660
 85714
 85767
 85820
 85875
 85933
 85993
 86051
 86105
 86158
 86212
 86267
 86322
 86376
 86429
 86483
 86537
 86592
 86647
 86700
 86751
 86802
 86854
 86906
 86960
 87014
 87069
 87123
 87178
 87232
 87287
 87342
 87397
 87451
 87504
 87558
 87613
 87666
 87718
 87769
 87819
 87869
 87918
 87968
 88018
 88067
 88117
 88165
 88211
 88255
 88299
 88343
 88386
 88432
 88479
 88526
 88570
 88611
 88653
 88699
 88745
 88788
 88831
 88876
 88919
 88963
 89006
 89048
 89087
 89127
 89167
 89209
 89250
 89292
 89334
 89377
 89419
 89458
 89496
 89534
 89573
 89613
 89653
 89692
 89732
 89771
 89810
 89849
 89889
 89929
 89967
 90004
 90041
 90078
 90115
 90153
 90190
 90227
 90265
 90301
 90337
 90374
 90412
 90449
 90484
 90517
 90551
 90584
 90619
 90653
 90687
 90722
 90757
 90792
 90827
 90860
 90893
 90925
 90955
 90981
 91008
 91034
 91062
 91091
 91120
 91149
 91178
 91207
 91235
 91264
 91290
 91316
 91342
 91370
 91399
 91427
 91455
 91483
 91510
 91537
 91564
 91592
 91620
 91648
 91676
 91705
 91733
 91762
 91791
 91819
 91848
 91876
 91904
 91931
 91958
 91986
 92015
 92044
 92071
 92098
 92124
 92151
 92178
 92204
 92230
 92255
 92280
 92305
 92330
 92355
 92381
 92408
 92435
 92461
 92486
 92511
 92536
 92561
 92586
 92613
 92639
 92664
 92688
 92713
 92737
 92762
 92787
 92811
 92835
 92859
 92884
 92908
 92933
 92956
 92979
 93000
 93023
 93046
 93070
 93093
 93115
 93136
 93158
 93181
 93203
 93226
 93248
 93269
 93291
 93312
 93334
 93355
 93378
 93400
 93422
 93444
 93465
 93487
 93507
 93527
 93547
 93568
 93587
 93606
 93624
 93641
 93660
 93679
 93699
 93719
 93737
 93756
 93775
 93794
 93813
 93831
 93849
 93867
 93885
 93903
 93921
 93938
 93955
 93972
 93988
 94005
 94021
 94037
 94054
 94070
 94086
 94103
 94119
 94136
 94151
 94167
 94183
 94199
 94214
 94229
 94244
 94258
 94273
 94287
 94302
 94317
 94332
 94347
 94362
 94376
 94391
 94406
 94420
 94434
 94449
 94463
 94477
 94490
 94504
 94517
 94530
 94542
 94555
 94568
 94582
 94594
 94607
 94620
 94633
 94645
 94656
 94669
 94680
 94692
 94704
 94714
 94725
 94735
 94746
 94756
 94766
 94776
 94785
 94795
 94805
 94814
 94824
 94834
 94844
 94854
 94863
 94872
 94882
 94891
 94899
 94908
 94916
 94924
 94932
 94940
 94948
 94956
 94963
 94971
 94978
 94985
 94992
 94999
 95006
 95012
 95018
 95024
 95031
 95037
 95043
 95050
 95056
 95062
 95068
 95074
 95079
 95085
 95091
 95097
 95103
 95108
 95114
 95120
 95126
 95132
 95137
 95142
 95148
 95152
 95157
 95162
 95166
 95170
 95174
 95178
 95182
 95186
 95189
 95192
 95195
 95198
 95200
 95203
 95206
 95208
 95211
 95214
 95216
 95218
 95221
 95223
 95224
 95226
 95227
 95229
 95231
 95232
 95233
 95235
 95236
 95237
 95238
 95238
 95239
 95240
 95241
 95241
 95242
 95242
 95242
 95242
 95242
 95242
 95242
 95242
 95242
 95242
 95242
 95242
 95242
 95242
 95242
 95242
 95242
 95242
 95242
 95242
 95242
 95242
 95242
 95242
 95242
 95242
 95242
 95242
 95242
 95242
 95242
 95242
 95242
 95241
 95241
 95241
 95241
 95241
 95241
 95241
 95241
 95241
 95241
 95241
 95241
 95241
 95241
 95241
 95241
 95241
 95241
 95241
 95241
 95241
 95241
 95241
 95241
 95241
 95241
 95241
 95241
 95241
 95241
 95241
 95241
 95241
 95241
 95241
 95241
 95241
 95241
 95241
 95241
 95241
 95241
 95241
 95241
 95241
 95241
 95241
 95241
 95241
 95241
 95241
 95241
 95241
 95241
 95241
 95241
 95241
 95241
 95241
 95241
 95241
 95241
 95241
 95241
 95241
 95241
 95241
 95241
 95241
 95241
 95241
 95241
 95241
 95241
 95241
 95241
 95241
 95241
 95241
 95241
 95241
 95241
 95241
 95241
 95241
 95241
 95241
 95241
 95241
 95241
 95241
 95241
 95241
 95241
 95241
 95241
 95241
 95241
 95241
 95241
 95241
 95241
 95241
 95241
 95241
 95241
 95241
 95241
 95241
 95241
 95241
 95241
 95241
 95241
 95241
 95241
 95241
 95241
 95241
 95241
 95241
 95241
 95241
 95241
 95241
 95241
 95241
 95241
 95241
 95241
 95241
 95241
 95241
 95241
 95241
 95241
 95241
 95241
 95241
 95241
 95241
 95241
 95241
 95241
 95241
 95241
 95241
 95241
 95241
 95241
 95241
 95241
 95241
 95241
 95241
 95241
 95241
 95241
 95241
 95241
 95241
 95241
 95241
 95241
 95241
 95241
 95241
 95241
 95241
 95241
 95241
 95241
 95241
 95241
 95241
 95241
 95241
 95241
 95241
 95241
 95241
 95241
 95241
 95241
 95241
 95241
 95241
 95241
 95241
 95241
 95241
 95241
 95241
 95241
 95241
 95241
 95241
 95241
 95241
 95241
 95241
 95241
 95241
 95241
 95241
 95241
 95241
 95241
 95241
 95241
 95241
 95241
 95241
 95241
 95241
 95241
 95241
 95241
 95241
 95241
 95241
 95241
 95241
 95241
 95241
 95241
 95241
 95241
 95241
 95241
 95241
 95241
 95241
 95241
 95241
 95241
 95241
 95241
 95241
 95241
 95241
 95241
 95241
 95241
 95241
 95241
 95241
 95241
 95241
 95241
 95241
 95241
 95241
 95241
 95241
 95241
 95241
 95241
 95241
 95241
 95241
 95241
 95241
 95241
 95241
 95241
 95241
 95241
 95241
 95241
 95241
 95241
 95241
 95241
 95241
 95241
 95241
 95241
 95241
 95241
 95241
 95241
 95241
 95241
 95241
 95241
 95241
 95241
 95241
 95241
 95241
 95241
 95241
 95241
 95241
 95241
 95241
 95241
 95241
 95241
 95241
 95241
 95241
 95241
 95241
 95241
 95241
 95241
 95241
 95241
 95241
 95241
 95241
 95241
 95241
 95241
 95241
 95241
 95241
 95241
 95241
 95241
 95241
 95241
 95241
 95241
 95241
 95241
 95241
 95241
 95241
 95241
 95241
 95241
 95241
 95241
 95241
 95241
 95241
 95241
 95241
 95241
 95241
 95241
 95241
 95241
 95241
 95241
 95241
 95241
 95241
 95241
 95241
 95241
 95241
 95241
 95241
 95241
 95241
 95241
 95241
 95241
 95241
 95241
 95241
 95241
 95241
 95241
 95241
 95241
 95241
 95241
 95241
 95241
 95241
 95241
 95241
 95241
 95241
 95241
 95241
 95241
 95241
 95241
 95241
 95241
 95241
 95241
 95241
 95241
 95241
 95241
 95241
 95241
 95241
 95241
 95241
 95241
 95241
 95241
 95241
 95241
 95241
 95241
 95241
 95241
 95241
 95241
 95241
 95241
 95241
 95241
 95241
 95241
 95241
 95241
 95241
 95241
 95241
 95241
 95241
 95241
 95241
 95241
 95241
 95241
 95241
 95241
 95241
 95244
 95258
 95283
 95316
 95350
 95382
 95406
 95425
 95450
 95479
 95505
 95526
 95553
 95591
 95628
 95661
 95691
 95721
 95754
 95787
 95817
 95853
 95894
 95935
 95972
 96005
 96038
 96073
 96112
 96155
 96198
 96246
 96301
 96356
 96410
 96461
 96509
 96553
 96597
 96646
 96700
 96758
 96813
 96865
 96918
 96970
 97022
 97075
 97128
 97183
 97241
 97303
 97360
 97414
 97472
 97533
 97597
 97665
 97733
 97796
 97849
 97897
 97950
 98012
 98083
 98156
 98226
 98292
 98353
 98411
 98473
 98544
 98614
 98680
 98743
 98807
 98872
 98939
 99009
 99081
 99154
 99225
 99291
 99354
 99420
 99488
 99558
 99623
 99688
 99753
 99821
 99893
 99964
 100034
 100102
 100169
 100235
 100302
 100370
 100442
 100512
 100583
 100654
 100726
 100805
 100881
 100953
 101024
 101100
 101176
 101252
 101326
 101403
 101490
 101575
 101656
 101735
 101814
 101892
 101970
 102053
 102137
 102220
 102302
 102388
 102475
 102559
 102642
 102727
 102813
 102899
 102985
 103069
 103153
 103236
 103321
 103406
 103491
 103577
 103663
 103752
 103841
 103930
 104018
 104107
 104197
 104286
 104375
 104464
 104554
 104645
 104739
 104833
 104927
 105021
 105114
 105206
 105299
 105393
 105485
 105578
 105671
 105764
 105857
 105950
 106042
 106133
 106225
 106316
 106407
 106496
 106585
 106674
 106761
 106845
 106929
 107013
 107103
 107199
 107299
 107399
 107494
 107585
 107673
 107761
 107852
 107944
 108036
 108123
 108207
 108291
 108378
 108467
 108555
 108643
 108730
 108819
 108909
 108998
 109089
 109180
 109273
 109367
 109459
 109550
 109643
 109738
 109834
 109929
 110025
 110124
 110224
 110321
 110421
 110522
 110626
 110726
 110826
 110930
 111035
 111142
 111251
 111359
 111464
 111570
 111675
 111782
 111887
 111992
 112097
 112203
 112313
 112425
 112536
 112643
 112744
 112847
 112956
 113069
 113182
 113292
 113399
 113503
 113605
 113706
 113810
 113912
 114015
 114117
 114218
 114320
 114420
 114519
 114619
 114724
 114824
 114922
 115023
 115126
 115227
 115323
 115416
 115508
 115607
 115707
 115805
 115899
 115994
 116089
 116183
 116279
 116373
 116462
 116549
 116637
 116725
 116820
 116916
 117011
 117106
 117204
 117301
 117397
 117491
 117585
 117681
 117780
 117882
 117985
 118085
 118184
 118282
 118379
 118476
 118572
 118669
 118766
 118868
 118970
 119070
 119168
 119267
 119368
 119472
 119576
 119679
 119782
 119885
 119992
 120098
 120205
 120310
 120415
 120520
 120624
 120728
 120832
 120935
 121038
 121140
 121242
 121344
 121446
 121547
 121649
 121752
 121854
 121957
 122060
 122162
 122266
 122369
 122472
 122575
 122676
 122778
 122878
 122977
 123077
 123176
 123275
 123374
 123475
 123576
 123676
 123773
 123869
 123966
 124063
 124161
 124258
 124355
 124453
 124553
 124653
 124751
 124850
 124949
 125048
 125146
 125242
 125337
 125434
 125533
 125633
 125733
 125833
 125933
 126034
 126133
 126233
 126335
 126438
 126540
 126644
 126751
 126860
 126968
 127076
 127186
 127297
 127408
 127520
 127632
 127744
 127857
 127969
 128082
 128195
 128309
 128425
 128542
 128659
 128776
 128898
 129025
 129148
 129266
 129379
 129488
 129597
 129705
 129810
 129916
 130023
 130133
 130242
 130349
 130455
 130563
 130667
 130767
 130865
 130961
 131055
 131153
 131258
 131370
 131482
 131592
 131696
 131796
 131892
 131993
 132098
 132200
 132299
 132398
 132497
 132596
 132695
 132792
 132885
 132978
 133070
 133161
 133254
 133346
 133440
 133540
 133643
 133742
 133840
 133938
 134037
 134138
 134241
 134343
 134447
 134552
 134656
 134757
 134858
 134958
 135058
 135157
 135257
 135357
 135457
 135558
 135660
 135762
 135864
 135966
 136068
 136172
 136276
 136382
 136489
 136597
 136704
 136811
 136917
 137023
 137128
 137234
 137340
 137445
 137551
 137655
 137760
 137865
 137969
 138074
 138179
 138284
 138389
 138494
 138599
 138704
 138810
 138915
 139018
 139120
 139222
 139322
 139423
 139523
 139622
 139720
 139817
 139912
 140007
 140104
 140202
 140301
 140400
 140497
 140594
 140693
 140795
 140896
 140997
 141097
 141195
 141293
 141390
 141486
 141584
 141682
 141777
 141876
 141976
 142078
 142177
 142277
 142379
 142480
 142583
 142685
 142789
 142895
 143000
 143106
 143212
 143317
 143426
 143534
 143641
 143750
 143859
 143970
 144080
 144191
 144302
 144413
 144524
 144634
 144746
 144858
 144969
 145078
 145188
 145297
 145406
 145511
 145618
 145731
 145852
 145971
 146085
 146197
 146305
 146411
 146515
 146620
 146725
 146828
 146934
 147042
 147145
 147245
 147343
 147442
 147543
 147645
 147751
 147855
 147955
 148053
 148152
 148249
 148349
 148452
 148554
 148656
 148760
 148863
 148963
 149060
 149156
 149250
 149348
 149445
 149539
 149630
 149721
 149813
 149906
 150003
 150100
 150198
 150297
 150398
 150499
 150600
 150701
 150805
 150910
 151015
 151120
 151225
 151328
 151431
 151533
 151635
 151736
 151834
 151933
 152034
 152136
 152240
 152345
 152450
 152555
 152659
 152763
 152867
 152972
 153077
 153181
 153285
 153390
 153494
 153597
 153701
 153805
 153909
 154013
 154118
 154223
 154328
 154432
 154536
 154640
 154745
 154852
 154960
 155069
 155177
 155283
 155389
 155493
 155597
 155701
 155806
 155909
 156012
 156114
 156216
 156315
 156414
 156511
 156610
 156709
 156809
 156910
 157011
 157112
 157212
 157309
 157407
 157503
 157599
 157696
 157792
 157890
 157989
 158089
 158189
 158291
 158391
 158488
 158586
 158685
 158786
 158889
 158994
 159099
 159203
 159307
 159413
 159521
 159630
 159738
 159845
 159955
 160065
 160178
 160290
 160403
 160516
 160629
 160741
 160854
 160967
 161080
 161193
 161304
 161412
 161518
 161623
 161731
 161845
 161959
 162077
 162200
 162321
 162438
 162549
 162658
 162765
 162871
 162980
 163091
 163201
 163310
 163418
 163524
 163629
 163735
 163841
 163947
 164048
 164151
 164254
 164357
 164462
 164567
 164670
 164770
 164870
 164968
 165064
 165161
 165261
 165362
 165465
 165568
 165669
 165769
 165866
 165959
 166051
 166141
 166227
 166317
 166413
 166512
 166614
 166717
 166819
 166921
 167024
 167130
 167236
 167342
 167446
 167550
 167652
 167753
 167857
 167960
 168064
 168168
 168272
 168375
 168477
 168579
 168681
 168784
 168888
 168994
 169099
 169204
 169308
 169413
 169518
 169622
 169726
 169829
 169932
 170036
 170140
 170243
 170346
 170448
 170551
 170654
 170757
 170861
 170963
 171065
 171167
 171271
 171378
 171483
 171589
 171695
 171801
 171904
 172007
 172108
 172209
 172308
 172407
 172504
 172603
 172703
 172806
 172909
 173011
 173111
 173211
 173312
 173414
 173517
 173619
 173718
 173818
 173915
 174013
 174111
 174210
 174310
 174410
 174510
 174612
 174714
 174816
 174918
 175019
 175121
 175225
 175331
 175438
 175543
 175649
 175757
 175864
 175971
 176078
 176186
 176296
 176407
 176519
 176632
 176745
 176859
 176972
 177084
 177195
 177308
 177418
 177528
 177639
 177751
 177863
 177976
 178086
 178193
 178305
 178423
 178544
 178664
 178780
 178890
 178998
 179108
 179218
 179331
 179445
 179555
 179664
 179773
 179881
 179987
 180093
 180200
 180306
 180410
 180515
 180619
 180722
 180826
 180930
 181031
 181129
 181229
 181331
 181432
 181534
 181634
 181732
 181831
 181929
 182028
 182126
 182220
 182312
 182402
 182492
 182578
 182670
 182770
 182871
 182972
 183072
 183172
 183274
 183377
 183481
 183585
 183689
 183792
 183896
 184000
 184105
 184209
 184311
 184413
 184515
 184616
 184717
 184817
 184916
 185014
 185114
 185216
 185320
 185427
 185533
 185639
 185745
 185852
 185960
 186069
 186177
 186283
 186390
 186498
 186605
 186711
 186817
 186923
 187029
 187133
 187237
 187340
 187442
 187545
 187649
 187753
 187858
 187962
 188066
 188169
 188272
 188373
 188475
 188579
 188683
 188783
 188881
 188980
 189079
 189179
 189277
 189376
 189473
 189572
 189672
 189771
 189869
 189967
 190064
 190163
 190261
 190359
 190455
 190551
 190648
 190744
 190839
 190935
 191032
 191129
 191226
 191323
 191418
 191515
 191613
 191712
 191811
 191911
 192012
 192112
 192214
 192318
 192421
 192525
 192632
 192740
 192846
 192954
 193063
 193169
 193274
 193381
 193488
 193594
 193703
 193810
 193916
 194021
 194127
 194232
 194337
 194442
 194547
 194651
 194755
 194859
 194963
 195064
 195165
 195265
 195369
 195473
 195575
 195673
 195767
 195861
 195954
 196046
 196139
 196229
 196319
 196409
 196497
 196584
 196671
 196758
 196843
 196930
 197018
 197110
 197200
 197287
 197368
 197446
 197525
 197607
 197691
 197774
 197857
 197938
 198018
 198098
 198179
 198257
 198333
 198406
 198479
 198555
 198634
 198716
 198796
 198876
 198956
 199036
 199117
 199198
 199279
 199359
 199437
 199515
 199593
 199671
 199751
 199829
 199905
 199980
 200057
 200135
 200214
 200291
 200368
 200444
 200522
 200597
 200674
 200751
 200827
 200903
 200980
 201060
 201140
 201216
 201292
 201369
 201446
 201523
 201599
 201675
 201751
 201827
 201902
 201977
 202052
 202125
 202197
 202269
 202339
 202410
 202481
 202553
 202626
 202697
 202770
 202841
 202913
 202984
 203055
 203128
 203200
 203272
 203344
 203417
 203489
 203560
 203633
 203706
 203778
 203846
 203913
 203981
 204050
 204119
 204186
 204252
 204319
 204383
 204447
 204511
 204575
 204640
 204704
 204767
 204830
 204896
 204962
 205027
 205091
 205153
 205215
 205277
 205340
 205401
 205462
 205524
 205588
 205651
 205713
 205775
 205840
 205905
 205968
 206027
 206083
 206141
 206201
 206261
 206320
 206375
 206426
 206480
 206536
 206593
 206650
 206707
 206761
 206815
 206870
 206926
 206981
 207036
 207093
 207150
 207207
 207262
 207318
 207375
 207431
 207488
 207543
 207599
 207654
 207711
 207768
 207825
 207881
 207935
 207989
 208042
 208096
 208150
 208205
 208262
 208320
 208378
 208436
 208493
 208550
 208608
 208666
 208725
 208784
 208842
 208900
 208957
 209014
 209072
 209130
 209187
 209243
 209300
 209356
 209412
 209467
 209524
 209581
 209638
 209695
 209752
 209808
 209863
 209918
 209973
 210029
 210085
 210139
 210191
 210244
 210298
 210351
 210404
 210456
 210508
 210560
 210614
 210665
 210715
 210766
 210815
 210865
 210917
 210968
 211020
 211072
 211121
 211168
 211215
 211265
 211315
 211365
 211413
 211461
 211509
 211558
 211607
 211656
 211705
 211752
 211798
 211844
 211892
 211941
 211987
 212030
 212072
 212112
 212155
 212199
 212244
 212287
 212328
 212369
 212410
 212451
 212493
 212536
 212579
 212621
 212660
 212699
 212737
 212776
 212814
 212853
 212891
 212930
 212969
 213007
 213042
 213076
 213110
 213145
 213182
 213220
 213260
 213299
 213335
 213372
 213408
 213445
 213479
 213513
 213549
 213586
 213622
 213656
 213686
 213715
 213743
 213772
 213803
 213839
 213876
 213911
 213942
 213972
 214001
 214031
 214062
 214091
 214120
 214150
 214183
 214216
 214246
 214276
 214307
 214338
 214368
 214398
 214428
 214461
 214494
 214526
 214555
 214582
 214609
 214637
 214667
 214699
 214731
 214764
 214796
 214826
 214853
 214880
 214906
 214935
 214965
 214996
 215025
 215053
 215081
 215110
 215139
 215167
 215194
 215221
 215251
 215281
 215309
 215338
 215366
 215394
 215422
 215450
 215479
 215506
 215533
 215561
 215588
 215614
 215640
 215666
 215693
 215720
 215747
 215772
 215796
 215820
 215843
 215867
 215891
 215915
 215939
 215963
 215988
 216013
 216039
 216064
 216088
 216113
 216138
 216163
 216187
 216209
 216231
 216252
 216273
 216295
 216317
 216339
 216360
 216381
 216402
 216424
 216446
 216468
 216488
 216509
 216530
 216551
 216571
 216592
 216612
 216631
 216650
 216669
 216688
 216706
 216724
 216742
 216760
 216779
 216798
 216817
 216835
 216853
 216870
 216888
 216907
 216925
 216943
 216960
 216978
 216995
 217012
 217028
 217044
 217061
 217077
 217093
 217109
 217125
 217141
 217157
 217174
 217190
 217206
 217222
 217238
 217254
 217270
 217286
 217301
 217316
 217330
 217344
 217357
 217372
 217386
 217400
 217414
 217427
 217440
 217453
 217466
 217479
 217492
 217504
 217516
 217528
 217540
 217552
 217564
 217577
 217589
 217601
 217612
 217624
 217635
 217645
 217656
 217667
 217678
 217689
 217699
 217710
 217720
 217730
 217740
 217750
 217760
 217769
 217779
 217789
 217799
 217808
 217818
 217827
 217835
 217844
 217853
 217862
 217870
 217878
 217886
 217894
 217902
 217910
 217918
 217925
 217932
 217939
 217947
 217953
 217960
 217967
 217973
 217979
 217986
 217991
 217997
 218003
 218009
 218016
 218022
 218027
 218033
 218039
 218045
 218051
 218057
 218064
 218070
 218075
 218081
 218087
 218093
 218099
 218104
 218110
 218115
 218120
 218125
 218130
 218134
 218139
 218143
 218148
 218152
 218156
 218160
 218164
 218168
 218172
 218175
 218179
 218183
 218186
 218188
 218190
 218193
 218194
 218196
 218197
 218198
 218198
 218199
 218199
 218199
 218199
 218199
 218199
 218199
 218199
 218199
 218199
 218199
 218199
 218199
 218199
 218199
 218199
 218199
 218199
 218199
 218199
 218199
 218199
 218199
 218199
 218198
 218198
 218197
 218197
 218196
 218195
 218195
 218194
 218193
 218192
 218191
 218191
 218190
 218189
 218189
 218188
 218187
 218187
 218186
 218186
 218186
 218186
 218186
 218186
 218186
 218186
 218186
 218186
 218186
 218186
 218186
 218186
 218186
 218186
 218186
 218186
 218186
 218186
 218186
 218186
 218186
 218186
 218186
 218186
 218186
 218186
 218186
 218186
 218186
 218186
 218186
 218186
 218186
 218186
 218186
 218186
 218186
 218186
 218186
 218186
 218186
 218186
 218186
 218186
 218186
 218186
 218186
 218186
 218186
 218186
 218186
 218186
 218186
 218186
 218186
 218186
 218186
 218186
 218186
 218186
 218186
 218186
 218186
 218186
 218186
 218186
 218186
 218186
 218186
 218186
 218186
 218186
 218186
 218186
 218186
 218186
 218186
 218186
 218186
 218186
 218186
 218186
 218186
 218186
 218186
 218186
 218186
 218186
 218186
 218186
 218186
 218186
 218186
 218186
 218186
 218186
 218186
 218186
 218186
 218186
 218186
 218186
 218186
 218186
 218186
 218186
 218186
 218186
 218186
 218186
 218186
 218186
 218186
 218186
 218186
 218186
 218186
 218186
 218186
 218186
 218186
 218186
 218186
 218186
 218186
 218186
 218186
 218186
 218186
 218186
 218186
 218186
 218186
 218186
 218186
 218186
 218186
 218186
 218186
 218186
 218186
 218186
 218186
 218186
 218186
 218186
 218186
 218186
 218186
 218186
 218186
 218186
 218186
 218186
 218186
 218186
 218186
 218186
 218186
 218186
 218186
 218186
 218186
 218186
 218186
 218186
 218186
 218186
 218186
 218186
 218186
 218186
 218186
 218186
 218186
 218186
 218186
 218186
 218186
 218186
 218186
 218186
 218186
 218186
 218186
 218186
 218186
 218186
 218186
 218186
 218186
 218186
 218186
 218186
 218186
 218186
 218186
 218186
 218186
 218186
 218186
 218186
 218186
 218186
 218186
 218186
 218186
 218186
 218186
 218186
 218186
 218186
 218186
 218186
 218186
 218186
 218186
 218186
 218186
 218186
 218186
 218186
 218186
 218186
 218186
 218186
 218186
 218186
 218186
 218186
 218186
 218186
 218186
 218186
 218186
 218186
 218186
 218186
 218186
 218186
 218186
 218186
 218186
 218186
 218186
 218186
 218186
 218186
 218186
 218186
 218186
 218186
 218186
 218186
 218186
 218186
 218186
 218186
 218186
 218186
 218186
 218186
 218186
 218186
 218186
 218186
 218186
 218186
 218186
 218186
 218186
 218186
 218186
 218186
 218186
 218186
 218186
 218186
 218186
 218186
 218186
 218186
 218186
 218186
 218186
 218186
 218186
 218186
 218186
 218186
 218186
 218186
 218186
 218186
 218186
 218186
 218186
 218186
 218186
 218186
 218186
 218186
 218186
 218186
 218186
 218186
 218186
 218186
 218186
 218186
 218186
 218186
 218186
 218186
 218186
 218186
 218186
 218186
 218186
 218186
 218186
 218186
 218186
 218186
 218186
 218186
 218186
 218186
 218186
 218186
 218186
 218186
 218186
 218186
 218186
 218186
 218186
 218186
 218186
 218186
 218186
 218186
 218186
 218186
 218186
 218186
 218186
 218186
 218186
 218186
 218186
 218186
 218186
 218186
 218186
 218187
 218187
 218189
 218190
 218196
 218223
 218273
 218333
 218395
 218454
 218508
 218559
 218606
 218647
 218682
 218714
 218744
 218775
 218813
 218859
 218911
 218963
 219013
 219061
 219111
 219167
 219228
 219291
 219353
 219412
 219468
 219521
 219574
 219627
 219687
 219752
 219821
 219890
 219956
 220021
 220085
 220148
 220210
 220270
 220330
 220386
 220440
 220497
 220561
 220630
 220700
 220770
 220839
 220908
 220979
 221051
 221125
 221198
 221271
 221345
 221418
 221490
 221560
 221628
 221699
 221773
 221846
 221922
 221999
 222079
 222163
 222250
 222337
 222421
 222499
 222570
 222642
 222716
 222793
 222873
 222953
 223032
 223113
 223194
 223277
 223359
 223441
 223523
 223607
 223692
 223779
 223865
 223951
 224038
 224125
 224212
 224301
 224392
 224482
 224573
 224663
 224755
 224849
 224942
 225038
 225138
 225237
 225334
 225435
 225537
 225640
 225745
 225848
 225949
 226052
 226157
 226263
 226367
 226472
 226580
 226693
 226806
 226919
 227030
 227140
 227252
 227361
 227467
 227575
 227687
 227800
 227908
 228015
 228128
 228242
 228351
 228456
 228561
 228664
 228769
 228876
 228984
 229093
 229198
 229301
 229400
 229498
 229596
 229696
 229802
 229908
 230011
 230109
 230203
 230300
 230401
 230498
 230594
 230691
 230786
 230882
 230984
 231084
 231180
 231277
 231374
 231472
 231573
 231674
 231775
 231876
 231979
 232080
 232179
 232276
 232374
 232474
 232576
 232681
 232787
 232891
 232993
 233094
 233194
 233294
 233395
 233501
 233608
 233717
 233823
 233929
 234036
 234144
 234253
 234363
 234472
 234580
 234688
 234797
 234905
 235014
 235123
 235231
 235339
 235447
 235555
 235663
 235772
 235880
 235988
 236098
 236207
 236316
 236425
 236534
 236643
 236753
 236864
 236976
 237087
 237198
 237309
 237419
 237528
 237637
 237745
 237852
 237958
 238065
 238173
 238280
 238386
 238489
 238590
 238692
 238794
 238898
 239003
 239109
 239212
 239314
 239418
 239522
 239624
 239726
 239830
 239934
 240037
 240139
 240242
 240348
 240455
 240563
 240671
 240780
 240887
 240996
 241108
 241222
 241336
 241450
 241562
 241673
 241787
 241903
 242020
 242138
 242254
 242370
 242487
 242603
 242721
 242837
 242955
 243075
 243195
 243315
 243435
 243558
 243678
 243798
 243918
 244040
 244163
 244288
 244411
 244528
 244643
 244762
 244879
 244994
 245107
 245220
 245331
 245442
 245552
 245663
 245772
 245881
 245986
 246093
 246199
 246306
 246413
 246516
 246615
 246716
 246819
 246921
 247024
 247124
 247220
 247323
 247428
 247532
 247633
 247732
 247831
 247937
 248044
 248150
 248255
 248363
 248470
 248576
 248680
 248784
 248889
 248994
 249097
 249201
 249306
 249413
 249520
 249627
 249734
 249844
 249954
 250065
 250174
 250283
 250390
 250500
 250613
 250726
 250838
 250949
 251061
 251173
 251285
 251396
 251507
 251618
 251728
 251836
 251945
 252054
 252161
 252268
 252374
 252481
 252589
 252697
 252804
 252912
 253022
 253134
 253244
 253353
 253461
 253570
 253679
 253790
 253902
 254012
 254123
 254234
 254343
 254452
 254560
 254667
 254773
 254877
 254981
 255085
 255189
 255293
 255396
 255500
 255604
 255709
 255813
 255917
 256019
 256123
 256227
 256331
 256434
 256539
 256645
 256752
 256862
 256971
 257080
 257188
 257297
 257407
 257520
 257631
 257742
 257855
 257970
 258086
 258200
 258316
 258432
 258548
 258667
 258786
 258903
 259020
 259138
 259257
 259375
 259492
 259611
 259731
 259850
 259971
 260094
 260216
 260337
 260460
 260584
 260705
 260823
 260941
 261059
 261176
 261292
 261406
 261519
 261633
 261747
 261860
 261971
 262080
 262183
 262285
 262391
 262507
 262625
 262739
 262849
 262956
 263061
 263165
 263265
 263365
 263469
 263574
 263680
 263787
 263890
 263990
 264088
 264186
 264287
 264392
 264496
 264597
 264701
 264806
 264910
 265014
 265118
 265223
 265331
 265440
 265548
 265655
 265764
 265875
 265987
 266098
 266206
 266313
 266421
 266531
 266641
 266751
 266861
 266971
 267082
 267194
 267305
 267417
 267529
 267641
 267753
 267865
 267976
 268088
 268199
 268310
 268421
 268532
 268642
 268753
 268864
 268974
 269084
 269194
 269303
 269412
 269522
 269631
 269741
 269851
 269959
 270068
 270178
 270288
 270397
 270508
 270621
 270732
 270842
 270951
 271058
 271162
 271267
 271373
 271479
 271587
 271695
 271802
 271908
 272013
 272117
 272222
 272327
 272434
 272541
 272648
 272757
 272863
 272972
 273082
 273191
 273300
 273408
 273518
 273632
 273746
 273858
 273971
 274084
 274198
 274312
 274427
 274541
 274657
 274770
 274883
 274999
 275115
 275230
 275346
 275462
 275579
 275697
 275814
 275934
 276056
 276178
 276303
 276427
 276544
 276654
 276768
 276891
 277018
 277146
 277271
 277387
 277496
 277608
 277724
 277834
 277944
 278056
 278173
 278290
 278405
 278516
 278624
 278730
 278841
 278958
 279073
 279188
 279296
 279402
 279509
 279611
 279713
 279816
 279920
 280025
 280132
 280236
 280338
 280444
 280551
 280660
 280771
 280883
 280996
 281108
 281222
 281331
 281436
 281538
 281640
 281741
 281844
 281948
 282052
 282157
 282258
 282354
 282451
 282553
 282659
 282768
 282879
 282990
 283101
 283211
 283322
 283432
 283542
 283651
 283760
 283870
 283983
 284096
 284209
 284321
 284431
 284542
 284653
 284764
 284875
 284986
 285098
 285212
 285328
 285443
 285558
 285671
 285783
 285896
 286007
 286117
 286225
 286332
 286437
 286543
 286652
 286761
 286872
 286981
 287089
 287197
 287306
 287416
 287524
 287630
 287735
 287840
 287945
 288051
 288156
 288261
 288366
 288473
 288581
 288690
 288797
 288903
 289010
 289115
 289219
 289324
 289430
 289538
 289648
 289756
 289865
 289975
 290085
 290196
 290308
 290420
 290530
 290642
 290755
 290866
 290978
 291091
 291206
 291323
 291442
 291563
 291684
 291806
 291928
 292050
 292172
 292294
 292417
 292539
 292660
 292780
 292904
 293022
 293139
 293260
 293383
 293505
 293626
 293747
 293863
 293979
 294100
 294216
 294328
 294438
 294551
 294665
 294780
 294894
 295007
 295113
 295216
 295321
 295426
 295532
 295638
 295744
 295851
 295957
 296063
 296167
 296271
 296376
 296485
 296593
 296694
 296796
 296902
 297008
 297113
 297213
 297314
 297420
 297530
 297642
 297753
 297863
 297969
 298073
 298177
 298283
 298393
 298505
 298614
 298721
 298828
 298935
 299044
 299152
 299260
 299371
 299480
 299588
 299697
 299806
 299917
 300027
 300138
 300249
 300361
 300473
 300584
 300695
 300806
 300916
 301026
 301136
 301247
 301357
 301467
 301582
 301700
 301819
 301938
 302055
 302171
 302286
 302400
 302513
 302624
 302732
 302840
 302947
 303053
 303156
 303261
 303368
 303475
 303582
 303690
 303795
 303901
 304004
 304108
 304215
 304324
 304434
 304542
 304650
 304757
 304863
 304969
 305076
 305182
 305288
 305394
 305501
 305609
 305718
 305825
 305932
 306038
 306146
 306256
 306366
 306477
 306589
 306701
 306814
 306926
 307038
 307152
 307266
 307380
 307496
 307614
 307733
 307849
 307967
 308085
 308208
 308329
 308449
 308571
 308694
 308816
 308938
 309059
 309179
 309299
 309416
 309535
 309656
 309780
 309905
 310029
 310151
 310270
 310386
 310503
 310617
 310730
 310845
 310958
 311069
 311176
 311286
 311394
 311500
 311606
 311714
 311823
 311933
 312041
 312145
 312256
 312366
 312472
 312578
 312679
 312782
 312892
 313005
 313112
 313213
 313310
 313413
 313520
 313630
 313739
 313847
 313955
 314061
 314166
 314272
 314377
 314483
 314589
 314696
 314801
 314907
 315014
 315122
 315228
 315335
 315442
 315552
 315662
 315773
 315884
 315993
 316103
 316212
 316322
 316431
 316542
 316654
 316767
 316880
 316992
 317103
 317215
 317328
 317442
 317557
 317671
 317784
 317897
 318011
 318123
 318236
 318349
 318461
 318573
 318685
 318798
 318910
 319021
 319132
 319245
 319358
 319471
 319584
 319697
 319807
 319917
 320025
 320131
 320236
 320341
 320446
 320550
 320655
 320759
 320863
 320965
 321065
 321165
 321267
 321371
 321476
 321583
 321688
 321792
 321897
 322002
 322109
 322217
 322326
 322436
 322546
 322658
 322770
 322880
 322991
 323104
 323218
 323330
 323439
 323548
 323657
 323768
 323881
 323995
 324109
 324223
 324337
 324453
 324570
 324687
 324806
 324925
 325045
 325164
 325283
 325401
 325518
 325635
 325750
 325863
 325978
 326094
 326209
 326324
 326437
 326552
 326666
 326775
 326883
 326989
 327095
 327202
 327307
 327411
 327514
 327615
 327717
 327819
 327920
 328021
 328119
 328217
 328317
 328417
 328514
 328610
 328707
 328808
 328908
 329004
 329098
 329191
 329285
 329376
 329463
 329547
 329631
 329715
 329802
 329891
 329985
 330078
 330166
 330251
 330339
 330429
 330519
 330609
 330698
 330789
 330884
 330974
 331054
 331139
 331228
 331318
 331407
 331494
 331582
 331669
 331757
 331847
 331933
 332019
 332106
 332196
 332284
 332370
 332456
 332543
 332631
 332717
 332804
 332890
 332977
 333064
 333151
 333237
 333323
 333409
 333493
 333575
 333655
 333737
 333820
 333904
 333987
 334068
 334148
 334230
 334314
 334399
 334484
 334566
 334645
 334725
 334809
 334893
 334975
 335056
 335135
 335214
 335293
 335371
 335449
 335527
 335605
 335683
 335761
 335839
 335915
 335992
 336068
 336143
 336218
 336292
 336367
 336441
 336512
 336583
 336655
 336727
 336800
 336874
 336950
 337023
 337093
 337161
 337229
 337300
 337371
 337440
 337507
 337577
 337647
 337716
 337784
 337853
 337924
 337993
 338061
 338129
 338199
 338271
 338341
 338409
 338477
 338545
 338615
 338685
 338755
 338823
 338893
 338964
 339033
 339101
 339170
 339239
 339309
 339377
 339444
 339512
 339582
 339651
 339720
 339789
 339859
 339929
 340000
 340072
 340144
 340215
 340286
 340358
 340427
 340496
 340565
 340637
 340707
 340778
 340851
 340924
 340997
 341068
 341141
 341213
 341284
 341355
 341426
 341497
 341568
 341639
 341709
 341778
 341848
 341916
 341983
 342050
 342117
 342186
 342254
 342318
 342379
 342441
 342506
 342572
 342638
 342704
 342769
 342834
 342897
 342961
 343025
 343089
 343152
 343212
 343272
 343331
 343392
 343454
 343514
 343573
 343632
 343691
 343751
 343808
 343863
 343917
 343972
 344030
 344087
 344141
 344193
 344244
 344298
 344354
 344407
 344458
 344508
 344557
 344608
 344662
 344719
 344773
 344822
 344870
 344922
 344976
 345027
 345076
 345126
 345175
 345225
 345275
 345325
 345374
 345421
 345467
 345515
 345567
 345617
 345665
 345711
 345755
 345798
 345841
 345888
 345937
 345984
 346029
 346073
 346119
 346165
 346212
 346259
 346307
 346354
 346399
 346444
 346488
 346532
 346575
 346615
 346655
 346696
 346739
 346782
 346825
 346869
 346913
 346959
 347004
 347048
 347091
 347135
 347179
 347224
 347268
 347312
 347355
 347399
 347442
 347485
 347527
 347568
 347609
 347651
 347693
 347736
 347779
 347821
 347862
 347902
 347941
 347982
 348022
 348064
 348108
 348150
 348189
 348229
 348269
 348310
 348351
 348392
 348431
 348470
 348508
 348546
 348585
 348623
 348659
 348696
 348733
 348771
 348809
 348847
 348885
 348923
 348961
 348997
 349033
 349069
 349107
 349145
 349182
 349220
 349258
 349294
 349331
 349367
 349401
 349434
 349468
 349502
 349536
 349571
 349607
 349641
 349675
 349708
 349740
 349772
 349805
 349838
 349869
 349899
 349929
 349961
 349994
 350027
 350059
 350090
 350121
 350151
 350180
 350211
 350242
 350273
 350304
 350333
 350361
 350389
 350418
 350449
 350478
 350506
 350534
 350562
 350591
 350621
 350652
 350682
 350710
 350739
 350766
 350794
 350822
 350849
 350876
 350904
 350932
 350961
 350990
 351018
 351045
 351072
 351099
 351126
 351151
 351176
 351201
 351227
 351254
 351280
 351307
 351332
 351356
 351380
 351404
 351430
 351456
 351481
 351506
 351529
 351552
 351575
 351598
 351620
 351642
 351664
 351685
 351706
 351727
 351748
 351770
 351792
 351815
 351839
 351863
 351886
 351908
 351931
 351953
 351976
 351999
 352022
 352044
 352066
 352088
 352110
 352131
 352153
 352175
 352197
 352219
 352240
 352260
 352279
 352298
 352318
 352338
 352357
 352376
 352395
 352414
 352433
 352451
 352469
 352487
 352505
 352523
 352540
 352557
 352574
 352592
 352610
 352627
 352645
 352662
 352678
 352694
 352710
 352726
 352743
 352759
 352774
 352788
 352801
 352813
 352824
 352836
 352848
 352861
 352874
 352887
 352900
 352913
 352927
 352941
 352954
 352967
 352981
 352994
 353007
 353020
 353032
 353043
 353054
 353064
 353074
 353084
 353095
 353105
 353114
 353124
 353134
 353144
 353153
 353162
 353172
 353181
 353191
 353200
 353209
 353218
 353226
 353235
 353243
 353251
 353258
 353266
 353274
 353281
 353288
 353295
 353302
 353308
 353315
 353322
 353329
 353336
 353344
 353351
 353357
 353364
 353370
 353377
 353384
 353390
 353396
 353402
 353408
 353413
 353418
 353423
 353428
 353433
 353437
 353442
 353446
 353451
 353455
 353459
 353463
 353467
 353471
 353475
 353478
 353482
 353485
 353488
 353491
 353495
 353498
 353501
 353505
 353508
 353513
 353517
 353520
 353524
 353527
 353529
 353532
 353535
 353537
 353539
 353541
 353543
 353545
 353546
 353548
 353549
 353551
 353551
 353552
 353553
 353554
 353555
 353556
 353556
 353557
 353557
 353557
 353558
 353558
 353559
 353560
 353560
 353561
 353563
 353564
 353565
 353566
 353567
 353568
 353568
 353569
 353569
 353569
 353569
 353569
 353569
 353569
 353569
 353569
 353569
 353569
 353569
 353569
 353569
 353569
 353569
 353569
 353569
 353569
 353569
 353569
 353569
 353569
 353569
 353569
 353569
 353569
 353569
 353569
 353569
 353569
 353569
 353569
 353569
 353569
 353569
 353569
 353569
 353569
 353569
 353569
 353569
 353569
 353569
 353569
 353569
 353569
 353569
 353569
 353569
 353569
 353569
 353569
 353569
 353569
 353569
 353569
 353569
 353569
 353569
 353569
 353569
 353569
 353569
 353569
 353569
 353569
 353569
 353569
 353569
 353569
 353569
 353569
 353569
 353569
 353569
 353569
 353569
 353569
 353569
 353569
 353569
 353569
 353569
 353569
 353569
 353569
 353569
 353569
 353569
 353569
 353569
 353569
 353569
 353569
 353569
 353569
 353569
 353569
 353569
 353569
 353569
 353569
 353569
 353569
 353569
 353569
 353569
 353569
 353569
 353569
 353569
 353569
 353569
 353569
 353569
 353569
 353569
 353569
 353569
 353569
 353569
 353569
 353569
 353569
 353569
 353569
 353569
 353569
 353569
 353569
 353569
 353569
 353569
 353569
 353569
 353569
 353569
 353569
 353569
 353569
 353569
 353569
 353569
 353569
 353569
 353569
 353569
 353569
 353569
 353569
 353569
 353569
 353569
 353569
 353569
 353569
 353569
 353569
 353569
 353569
 353569
 353569
 353569
 353569
 353569
 353569
 353569
 353569
 353569
 353569
 353569
 353569
 353569
 353569
 353569
 353569
 353569
 353569
 353569
 353569
 353569
 353569
 353569
 353569
 353569
 353569
 353569
 353569
 353569
 353569
 353569
 353569
 353569
 353569
 353569
 353569
 353569
 353569
 353569
 353569
 353569
 353569
 353569
 353569
 353569
 353569
 353569
 353569
 353569
 353569
 353569
 353569
 353569
 353569
 353569
 353569
 353569
 353569
 353569
 353569
 353569
 353569
 353569
 353569
 353569
 353569
 353569
 353569
 353569
 353569
 353569
 353569
 353569
 353569
 353569
 353569
 353569
 353569
 353569
 353569
 353569
 353569
 353569
 353569
 353569
 353569
 353569
 353569
 353569
 353569
 353569
 353569
 353569
 353569
 353569
 353569
 353569
 353569
 353569
 353569
 353569
 353569
 353569
 353569
 353569
 353569
 353569
 353569
 353569
 353569
 353569
 353569
 353569
 353569
 353569
 353569
 353569
 353569
 353569
 353569
 353569
 353569
 353569
 353569
 353569
 353569
 353569
 353569
 353569
 353569
 353569
 353569
 353569
 353569
 353569
 353569
 353569
 353569
 353569
 353569
 353569
 353569
 353569
 353569
 353569
 353569
 353569
 353569
 353569
 353569
 353569
 353569
 353569
 353569
 353569
 353569
 353569
 353569
 353569
 353569
 353569
 353569
 353569
 353569
 353569
 353569
 353569
 353569
 353569
 353569
 353569
 353569
 353569
 353569
 353569
 353569
 353569
 353569
 353569
 353569
 353569
 353569
 353569
 353569
 353569
 353569
 353569
