0
0 
0 
0 
0 
0 
0 
0 
2 
4 
7 
8 
10 
12 
12 
12 
14 
15 
17 
17 
18 
20 
22 
23 
24 
24 
23 
25 
26 
27 
27 
27 
28 
30 
30 
30 
28 
29 
29 
33 
35 
36 
34 
36 
34 
34 
35 
34 
35 
37 
38 
39 
39 
39 
39 
42 
45 
47 
47 
46 
45 
45 
43 
42 
42 
40 
39 
39 
37 
38 
39 
43 
48 
50 
50 
50 
48 
44 
48 
50 
49 
52 
51 
50 
50 
50 
50 
50 
48 
47 
49 
49 
51 
50 
51 
52 
53 
54 
56 
62 
63 
60 
61 
60 
57 
57 
56 
57 
60 
60 
60 
60 
59 
59 
59 
61 
61 
61 
59 
57 
58 
59 
61 
63 
63 
65 
63 
63 
63 
63 
63 
65 
65 
66 
65 
66 
66 
68 
67 
67 
68 
67 
67 
67 
67 
67 
66 
67 
66 
67 
67 
67 
66 
68 
69 
68 
70 
72 
71 
71 
70 
69 
70 
69 
69 
69 
69 
69 
67 
67 
67 
68 
70 
69 
68 
67 
66 
69 
70 
70 
69 
68 
71 
74 
74 
71 
68 
66 
67 
69 
67 
68 
69 
71 
68 
66 
66 
70 
73 
69 
67 
65 
67 
70 
71 
72 
72 
74 
73 
73 
71 
70 
72 
71 
70 
68 
72 
69 
69 
67 
71 
72 
69 
69 
67 
75 
75 
71 
72 
71 
70 
70 
72 
70 
72 
72 
72 
70 
69 
69 
71 
70 
70 
69 
70 
69 
71 
71 
73 
73 
75 
75 
76 
76 
76 
74 
75 
75 
75 
75 
74 
73 
73 
73 
73 
73 
72 
73 
73 
74 
75 
78 
77 
77 
77 
77 
81 
82 
79 
76 
75 
74 
73 
74 
74 
76 
78 
77 
76 
73 
71 
69 
68 
70 
72 
76 
77 
79 
77 
76 
75 
74 
73 
73 
72 
71 
72 
74 
77 
78 
74 
70 
70 
71 
70 
71 
72 
71 
71 
71 
72 
72 
72 
72 
73 
76 
74 
73 
75 
74 
73 
73 
72 
73 
74 
73 
74 
74 
73 
74 
75 
77 
78 
78 
76 
75 
76 
78 
76 
75 
77 
77 
77 
77 
77 
77 
78 
77 
77 
78 
79 
77 
78 
79 
79 
80 
81 
80 
79 
79 
79 
79 
77 
78 
78 
77 
77 
77 
78 
77 
77 
77 
76 
78 
76 
76 
75 
78 
78 
76 
77 
77 
78 
77 
76 
77 
78 
77 
75 
74 
76 
77 
75 
74 
76 
77 
78 
76 
76 
75 
77 
76 
77 
77 
76 
77 
75 
75 
75 
75 
73 
72 
72 
74 
75 
74 
73 
75 
76 
75 
76 
79 
78 
76 
73 
74 
74 
72 
71 
72 
76 
74 
70 
69 
71 
73 
76 
78 
76 
74 
74 
78 
77 
77 
76 
75 
75 
74 
75 
75 
74 
73 
74 
75 
74 
74 
77 
77 
79 
82 
81 
78 
76 
76 
77 
77 
78 
77 
79 
78 
79 
78 
76 
77 
76 
76 
76 
76 
75 
75 
75 
75 
78 
80 
81 
80 
80 
78 
76 
76 
77 
78 
77 
78 
78 
78 
78 
75 
74 
74 
74 
75 
75 
77 
78 
79 
77 
73 
73 
73 
75 
76 
76 
75 
76 
75 
75 
75 
74 
74 
71 
73 
74 
74 
74 
77 
77 
76 
73 
75 
77 
75 
75 
73 
74 
76 
77 
77 
75 
73 
73 
76 
75 
75 
75 
75 
73 
74 
75 
75 
76 
77 
78 
77 
76 
75 
76 
78 
78 
78 
81 
80 
79 
79 
81 
79 
80 
80 
79 
79 
80 
80 
80 
80 
80 
79 
78 
80 
78 
79 
79 
78 
79 
79 
79 
77 
78 
78 
78 
79 
79 
78 
77 
79 
78 
78 
76 
76 
77 
77 
76 
74 
74 
76 
77 
75 
77 
78 
77 
76 
75 
79 
79 
78 
75 
75 
78 
78 
77 
77 
75 
74 
77 
78 
77 
73 
73 
76 
76 
74 
73 
73 
79 
79 
80 
76 
76 
75 
75 
73 
73 
74 
73 
72 
72 
75 
75 
74 
71 
73 
72 
72 
72 
74 
74 
76 
76 
75 
75 
76 
75 
76 
78 
77 
76 
74 
73 
73 
73 
73 
72 
75 
75 
78 
81 
82 
81 
79 
78 
78 
79 
79 
79 
77 
78 
78 
78 
78 
78 
77 
77 
76 
76 
76 
76 
76 
78 
78 
81 
82 
81 
81 
78 
77 
76 
77 
76 
76 
74 
75 
74 
76 
75 
76 
74 
73 
74 
74 
74 
73 
73 
74 
75 
77 
78 
78 
76 
74 
74 
76 
73 
74 
74 
75 
75 
76 
73 
73 
72 
73 
76 
76 
76 
75 
76 
77 
74 
74 
75 
77 
76 
74 
73 
74 
76 
77 
77 
75 
75 
75 
74 
74 
74 
76 
77 
75 
75 
76 
78 
77 
77 
78 
78 
76 
77 
78 
78 
79 
78 
79 
79 
77 
78 
78 
77 
78 
80 
80 
79 
80 
80 
79 
79 
78 
78 
78 
79 
79 
78 
78 
78 
79 
79 
80 
82 
81 
80 
82 
79 
80 
80 
80 
78 
77 
75 
75 
74 
77 
75 
75 
74 
75 
75 
75 
76 
78 
77 
77 
75 
75 
78 
77 
78 
77 
79 
77 
75 
74 
76 
74 
73 
75 
76 
75 
72 
71 
74 
75 
75 
77 
75 
76 
78 
75 
75 
78 
75 
74 
72 
74 
75 
73 
70 
70 
74 
75 
76 
75 
76 
75 
77 
75 
74 
75 
75 
74 
75 
76 
75 
75 
75 
76 
76 
76 
75 
76 
75 
75 
74 
74 
75 
77 
77 
78 
80 
83 
82 
79 
77 
77 
77 
78 
78 
78 
78 
77 
78 
78 
78 
78 
77 
76 
80 
82 
85 
82 
79 
77 
77 
76 
76 
76 
77 
77 
77 
76 
76 
76 
74 
73 
73 
73 
74 
74 
75 
75 
76 
75 
75 
76 
76 
76 
74 
72 
73 
74 
76 
76 
75 
74 
71 
71 
74 
75 
76 
75 
74 
73 
74 
74 
78 
77 
75 
73 
76 
76 
76 
74 
74 
75 
77 
77 
76 
74 
73 
75 
76 
76 
78 
78 
77 
79 
79 
77 
78 
77 
78 
79 
78 
76 
