0
0 
0 
0 
0 
0 
2 
3 
5 
6 
6 
5 
6 
6 
7 
8 
9 
10 
9 
10 
10 
11 
11 
12 
14 
15 
15 
15 
17 
18 
17 
18 
16 
17 
18 
18 
19 
19 
21 
19 
20 
21 
20 
21 
21 
21 
22 
23 
26 
27 
27 
27 
27 
27 
27 
28 
28 
27 
27 
28 
28 
29 
30 
29 
30 
31 
32 
31 
31 
31 
32 
33 
32 
32 
32 
32 
32 
33 
33 
32 
35 
37 
36 
37 
36 
37 
36 
35 
35 
37 
37 
39 
40 
38 
39 
39 
37 
38 
39 
37 
38 
40 
42 
41 
44 
41 
41 
43 
41 
41 
41 
41 
41 
41 
43 
45 
48 
46 
47 
46 
46 
45 
46 
48 
49 
49 
49 
50 
48 
48 
47 
47 
49 
51 
51 
52 
51 
50 
49 
47 
48 
48 
50 
52 
49 
50 
50 
50 
50 
51 
52 
53 
53 
54 
54 
53 
52 
52 
52 
52 
53 
56 
59 
58 
56 
54 
54 
52 
53 
53 
55 
55 
54 
53 
54 
53 
53 
54 
55 
54 
54 
54 
54 
54 
55 
55 
56 
58 
56 
56 
54 
54 
55 
58 
61 
61 
59 
59 
58 
54 
52 
50 
54 
57 
59 
57 
58 
56 
55 
54 
54 
57 
59 
56 
57 
60 
63 
60 
60 
59 
59 
59 
58 
57 
57 
57 
59 
60 
59 
60 
59 
59 
58 
57 
57 
58 
57 
59 
58 
56 
57 
58 
59 
59 
58 
59 
59 
59 
61 
62 
61 
62 
62 
62 
63 
62 
61 
60 
59 
60 
62 
62 
61 
60 
60 
61 
62 
64 
65 
66 
65 
63 
64 
64 
66 
65 
66 
65 
64 
65 
64 
65 
64 
64 
65 
65 
65 
65 
66 
65 
66 
65 
64 
64 
65 
66 
66 
67 
68 
66 
68 
69 
69 
69 
70 
67 
68 
67 
67 
65 
66 
66 
65 
65 
65 
64 
63 
61 
63 
64 
64 
63 
61 
61 
62 
64 
66 
65 
65 
65 
66 
66 
63 
62 
64 
66 
65 
64 
64 
64 
64 
63 
64 
63 
64 
65 
65 
64 
65 
65 
67 
68 
65 
65 
64 
65 
68 
68 
65 
62 
61 
65 
63 
62 
61 
62 
63 
61 
61 
63 
65 
70 
68 
66 
64 
65 
68 
70 
68 
64 
59 
61 
63 
64 
64 
65 
66 
64 
63 
61 
62 
64 
63 
65 
63 
65 
68 
68 
67 
68 
67 
67 
66 
67 
67 
68 
67 
69 
66 
67 
67 
68 
67 
66 
66 
65 
66 
66 
66 
65 
67 
67 
66 
67 
70 
73 
78 
78 
73 
69 
68 
66 
66 
66 
66 
66 
65 
66 
65 
65 
65 
64 
65 
66 
65 
66 
66 
67 
68 
66 
64 
62 
62 
67 
70 
70 
67 
65 
64 
67 
69 
67 
63 
65 
67 
70 
67 
64 
65 
64 
65 
64 
64 
64 
64 
65 
62 
65 
68 
68 
68 
68 
65 
63 
64 
66 
67 
66 
64 
64 
65 
67 
66 
66 
65 
63 
63 
65 
67 
67 
67 
68 
67 
68 
67 
70 
72 
70 
68 
67 
68 
67 
68 
68 
67 
68 
68 
68 
69 
69 
68 
68 
68 
69 
69 
68 
68 
68 
68 
68 
69 
69 
70 
69 
68 
69 
69 
70 
71 
71 
69 
70 
69 
71 
71 
70 
71 
73 
72 
75 
72 
72 
72 
72 
71 
70 
71 
70 
69 
68 
68 
68 
68 
68 
67 
66 
68 
69 
67 
66 
68 
68 
69 
67 
69 
69 
70 
70 
70 
68 
67 
68 
68 
68 
66 
65 
67 
67 
66 
65 
66 
67 
67 
63 
61 
62 
68 
68 
68 
66 
68 
68 
68 
68 
67 
68 
69 
66 
65 
64 
66 
66 
65 
65 
64 
67 
69 
67 
66 
65 
69 
69 
69 
70 
66 
67 
65 
66 
66 
65 
67 
66 
67 
67 
66 
66 
66 
64 
64 
65 
68 
68 
68 
69 
68 
69 
68 
70 
70 
70 
70 
67 
67 
70 
70 
70 
70 
68 
66 
66 
67 
68 
67 
67 
68 
67 
67 
68 
73 
72 
73 
71 
70 
69 
68 
70 
69 
70 
69 
68 
67 
67 
67 
67 
68 
68 
68 
67 
66 
66 
66 
67 
68 
70 
70 
70 
70 
67 
66 
69 
69 
69 
69 
67 
66 
66 
68 
68 
68 
67 
64 
62 
64 
66 
67 
66 
64 
64 
66 
68 
67 
65 
66 
66 
67 
66 
66 
65 
66 
66 
64 
63 
63 
65 
65 
65 
65 
65 
66 
67 
68 
69 
70 
69 
68 
67 
68 
69 
69 
68 
68 
68 
67 
69 
69 
68 
67 
67 
68 
69 
69 
70 
69 
70 
69 
69 
69 
72 
71 
71 
71 
74 
71 
73 
72 
72 
71 
71 
72 
71 
72 
70 
70 
70 
69 
69 
68 
68 
69 
69 
69 
68 
69 
70 
69 
67 
68 
69 
70 
71 
70 
68 
67 
66 
68 
68 
70 
68 
68 
69 
71 
69 
68 
70 
70 
71 
70 
70 
71 
70 
69 
68 
69 
69 
67 
66 
67 
67 
66 
67 
67 
66 
68 
66 
65 
65 
64 
65 
66 
69 
67 
67 
68 
69 
70 
69 
68 
68 
68 
66 
65 
67 
68 
64 
65 
65 
67 
68 
67 
69 
67 
67 
69 
70 
70 
69 
67 
65 
66 
66 
65 
65 
66 
64 
64 
64 
63 
64 
66 
66 
67 
67 
66 
67 
69 
69 
69 
69 
70 
73 
74 
72 
70 
68 
68 
67 
67 
67 
68 
68 
68 
68 
68 
68 
69 
68 
68 
66 
67 
72 
75 
76 
75 
71 
68 
68 
70 
70 
71 
70 
69 
68 
68 
67 
67 
67 
66 
67 
66 
66 
67 
69 
68 
67 
66 
66 
70 
72 
72 
71 
70 
69 
68 
67 
68 
67 
70 
67 
66 
68 
70 
70 
68 
64 
65 
66 
66 
65 
65 
66 
66 
65 
66 
68 
67 
65 
66 
66 
67 
70 
69 
66 
66 
68 
67 
67 
64 
66 
67 
66 
67 
66 
66 
68 
69 
67 
67 
68 
67 
67 
67 
67 
70 
71 
70 
68 
68 
66 
69 
69 
