129480  0.000000   0 
129480  0.239776   0 
129480  0.479552   0 
129480  0.719328   0 
129480  0.959104   0 
129480  1.198880   0 
129480  1.438656   0 
129480  1.678432   0 
129480  1.918208   0 
129480  2.157984   0 
129480  2.397760   0 
129480  2.637536   0 
129480  2.877312   0 
129480  3.117088   0 
129480  3.356863   0 
129480  3.596639   0 
129480  3.836415   0 
129480  4.076191   0 
129480  4.315968   0 
129480  4.555744   0 
129480  4.795520   0 
129480  5.035296   0 
129480  5.275072   0 
129480  5.514848   0 
129480  5.754624   0 
129480  5.994401   0 
129480  6.234177   0 
129480  6.473953   0 
129480  6.713729   0 
129480  6.953505   0 
129480  7.193281   0 
129480  7.433057   0 
129480  7.672833   0 
129480  7.912610   0 
129480  8.152386   0 
129480  8.392161   0 
129480  8.631937   0 
129480  8.871713   0 
129480  9.111488   0 
129480  9.351264   0 
129480  9.591040   0 
129480  9.830815   0 
129480  10.070591   0 
129480  10.310367   0 
129480  10.550142   0 
129480  10.789918   0 
129480  11.029694   0 
129480  11.269469   0 
129480  11.509245   0 
129480  11.749021   0 
129480  11.988796   0 
129480  12.228572   0 
129480  12.468348   0 
129480  12.708123   0 
129480  12.947899   0 
129480  13.187675   0 
129480  13.427450   0 
129480  13.667226   0 
129480  13.907001   0 
129480  14.146777   0 
129480  14.386553   0 
129480  14.626328   0 
129480  14.866104   0 
129