129480  0.000000   0 
129480  0.239776   0 
129480  0.479552   0 
129480  0.719328   0 
129480  0.959104   0 
129480  1.198880   0 
129480  1.438656   0 
129480  1.678432   0 
129480  1.918208   0 
129480  2.157984   0 
129480  2.397760   0 
129480  2.637536   0 
129480  2.877312   0 
129480  3.117088   0 
129480  3.356863   0 
129480  3.596639   0 
129480  3.836415   0 
129480  4.076191   0 
129480  4.315968   0 
129480  4.555744   0 
129480  4.795520   0 
129480  5.035296   0 
129480  5.275072   0 
129480  5.514848   0 
129480  5.754624   0 
129480  5.994401   0 
129480  6.234177   0 
129480  6.473953   0 
129480  6.713729   0 
129480  6.953505   0 
129480  7.193281   0 
129480  7.433057   0 
129480  7.672833   0 
129480  7.912610   0 
129480  8.152386   0 
129480  8.392161   0 
129480  8.631937   0 
129480  8.871713   0 
129480  9.111488   0 
129480  9.351264   0 
129480  9.591040   0 
129480  9.830815   0 
129480  10.070591   0 
129480  10.310367   0 
129480  10.550142   0 
129480  10.789918   0 
129480  11.029694   0 
129480  11.269469   0 
129480  11.509245   0 
129480  11.749021   0 
129480  11.988796   0 
129480  12.228572   0 
129480  12.468348   0 
129480  12.708123   0 
129480  12.947899   0 
129480  13.187675   0 
129480  13.427450   0 
129480  13.667226   0 
129480  13.907001   0 
129480  14.146777   0 
129480  14.386553   0 
129480  14.626328   0 
129480  14.866104   0 
129480  15.105880   0 
129480  15.345655   0 
129480  15.585431   0 
129480  15.825207   0 
129480  16.064983   0 
129480  16.304760   0 
129480  16.544537   0 
129480  16.784313   0 
129480  17.024090   0 
129480  17.263866   0 
129480  17.503643   0 
129480  17.743420   0 
129480  17.983196   0 
129480  18.222973   0 
129480  18.462749   0 
129480  18.702526   0 
129480  18.942303   0 
129480  19.182079   0 
129480  19.421856   0 
129480  19.661633   0 
129480  19.901409   0 
129480  20.141186   0 
129480  20.380962   0 
129480  20.620739   0 
129480  20.860516   0 
129480  21.100292   0 
129480  21.340069   0 
129480  21.579845   0 
129480  21.819622   0 
129480  22.059399   0 
129480  22.299175   0 
129480  22.538952   0 
129480  22.778728   0 
129480  23.018505   0 
129480  23.258282   0 
129480  23.498058   0 
129480  23.737835   0 
129480  23.977612   0 
129480  24.217388   0 
129480  24.457165   0 
129480  24.696941   0 
129480  24.936718   0 
129480  25.176495   0 
129480  25.416271   0 
129480  25.656048   0 
129480  25.895824   0 
129480  26.135601   0 
129480  26.375378   0 
129480  26.615154   0 
129480  26.854931   0 
129480  27.094707   0 
129480  27.334484   0 
129480  27.574261   0 
129480  27.814037   0 
129480  28.053814   0 
129480  28.293591   0 
129480  28.533367   0 
129480  28.773144   0 
129480  29.012920   0 
129480  29.252697   0 
129480  29.492474   0 
129480  29.732250   0 
129480  29.972027   0 
129480  30.211803   0 
129480  30.451580   0 
129480  30.691357   0 
129480  30.931133   0 
129480  31.170910   0 
129479  31.410686   1 
129477  31.650463   2 
129473  31.890240   4 
129469  32.130016   3 
129462  32.369793   4 
129454  32.609570   5 
129446  32.849346   5 
129438  33.089123   4 
129428  33.328899   5 
129420  33.568676   3 
129411  33.808453   4 
129404  34.048229   2 
129396  34.288006   3 
129387  34.527782   3 
129378  34.767559   3 
129370  35.007336   3 
129360  35.247112   4 
129350  35.486889   4 
129340  35.726665   4 
129329  35.966442   5 
129319  36.206219   4 
129308  36.445995   5 
129296  36.685772   5 
129283  36.925549   5 
129270  37.165325   5 
129255  37.405102   6 
129238  37.644878   7 
129220  37.884655   8 
129200  38.124432   9 
129180  38.364208   9 
129159  38.603985   9 
129138  38.843761   10 
129119  39.083538   9 
129100  39.323315   9 
129081  39.563091   9 
129061  39.802868   9 
129039  40.042645   11 
129018  40.282421   10 
128997  40.522198   11 
128974  40.761974   11 
128950  41.001751   12 
128928  41.241528   11 
128904  41.481304   12 
128878  41.721081   14 
128850  41.960857   14 
128822  42.200634   14 
128793  42.440411   15 
128765  42.680187   14 
128737  42.919964   13 
128708  43.159740   14 
128678  43.399517   15 
128648  43.639294   15 
128617  43.879070   16 
128586  44.118847   16 
128553  44.358624   16 
128519  44.598400   17 
128484  44.838177   17 
128448  45.077953   17 
128414  45.317730   16 
128377  45.557507   18 
128340  45.797283   18 
128303  46.037060   18 
128264  46.276836   21 
128225  46.516613   20 
128187  46.756390   21 
128148  46.996166   19 
128108  47.235943   19 
128067  47.475719   19 
128023  47.715496   20 
127979  47.955273   20 
127933  48.195049   23 
127888  48.434826   23 
127841  48.674603   23 
127793  48.914379   24 
127745  49.154156   23 
127696  49.393932   23 
127647  49.633709   24 
127600  49.873486   22 
127551  50.113262   22 
127501  50.353039   23 
127451  50.592815   24 
127396  50.832592   26 
127342  51.072369   26 
127284  51.312145   30 
127227  51.551922   29 
127170  51.791698   28 
127114  52.031475   28 
127058  52.271252   27 
127002  52.511028   28 
126943  52.750805   27 
126885  52.990582   28 
126825  53.230358   29 
126762  53.470135   30 
126695  53.709911   33 
126629  53.949688   32 
126563  54.189465   33 
126498  54.429241   31 
126432  54.669018   31 
126367  54.908794   31 
126299  55.148571   32 
126230  55.388348   33 
126159  55.628124   36 
126085  55.867901   37 
126011  56.107677   38 
125938  56.347454   38 
125864  56.587231   37 
125786  56.827007   37 
125711  57.066784   37 
125635  57.306561   37 
125560  57.546337   38 
125480  57.786114   41 
125401  58.025890   39 
125323  58.265667   38 
125246  58.505444   39 
125164  58.745220   40 
125081  58.984997   41 
124994  59.224773   47 
124907  59.464550   47 
124819  59.704327   44 
124730  59.944103   46 
124637  60.183880   45 
124550  60.423656   45 
124461  60.663433   44 
124371  60.903210   47 
124277  61.142986   45 
124184  61.382763   46 
124092  61.622540   46 
124001  61.862316   47 
123908  62.102093   49 
123808  62.341869   51 
123706  62.581646   53 
123604  62.821423   51 
123502  63.061199   52 
123403  63.300976   52 
123301  63.540752   52 
123202  63.780529   52 
123099  64.020302   53 
122997  64.260078   52 
122895  64.499855   53 
122791  64.739632   53 
122684  64.979408   55 
122574  65.219185   56 
122469  65.458961   56 
122359  65.698738   58 
122248  65.938515   57 
122135  66.178291   58 
122023  66.418068   56 
121909  66.657845   55 
121797  66.897621   56 
121686  67.137398   57 
121571  67.377174   58 
121457  67.616951   60 
121341  67.856728   58 
121223  68.096504   57 
121105  68.336281   61 
120990  68.576057   61 
120875  68.815834   59 
120762  69.055611   56 
120647  69.295387   58 
120531  69.535164   59 
120415  69.774940   58 
120297  70.014717   60 
120181  70.254494   60 
120064  70.494270   60 
119944  70.734047   60 
119822  70.973824   63 
119699  71.213600   63 
119581  71.453377   59 
119465  71.693153   57 
119350  71.932930   59 
119230  71.000000   61 
119114  71.239777   57 
118997  71.479553   58 
118875  71.719330   63 
118754  71.000000   61 
118636  71.239777   58 
118517  71.479553   59 
118395  71.719330   60 
118272  71.000000   62 
118149  71.239777   62 
118024  71.479553   60 
117899  71.719330   61 
117776  71.000000   61 
117650  71.239777   62 
117524  71.479553   61 
117396  71.719330   62 
117262  71.000000   66 
117129  71.239777   64 
116997  71.479553   63 
116862  71.719330   63 
116730  71.000000   66 
116597  71.239777   65 
116459  71.479553   62 
116321  71.719330   67 
116181  71.000000   68 
116046  71.239777   66 
115913  71.479553   65 
115772  71.719330   69 
115625  71.000000   70 
115480  71.239777   68 
115335  71.479553   70 
115189  71.719330   70 
115043  71.000000   72 
114893  71.239777   72 
114744  71.479553   73 
114599  71.719330   71 
114444  71.000000   74 
114293  71.239777   74 
114141  71.479553   74 
113988  71.719330   75 
113841  71.000000   73 
113690  71.239777   74 
113539  71.479553   74 
113390  71.719330   75 
113237  71.000000   74 
113087  71.239777   73 
112936  71.479553   77 
112780  71.719330   77 
112626  71.000000   77 
112474  71.239777   77 
112319  71.479553   77 
112169  71.719330   77 
112017  71.000000   75 
111863  71.239777   77 
111711  71.479553   77 
111558  71.719330   75 
111406  71.000000   79 
111251  71.239777   77 
111097  71.479553   77 
110945  71.719330   79 
110793  71.000000   76 
110639  71.239777   78 
110481  71.479553   77 
110324  71.719330   76 
110175  71.000000   79 
110018  71.239777   77 
109872  71.479553   75 
109716  71.719330   75 
109559  71.000000   76 
109412  71.239777   76 
109256  71.479553   74 
109103  71.719330   76 
108949  71.000000   76 
108792  71.239777   76 
108639  71.479553   78 
108480  71.719330   77 
108321  71.000000   78 
108167  71.239777   78 
108009  71.479553   77 
107854  71.719330   76 
107699  71.000000   73 
107543  71.239777   74 
107387  71.479553   76 
107228  71.719330   77 
107072  71.000000   75 
106911  71.239777   78 
106752  71.479553   77 
106592  71.719330   78 
106432  71.000000   77 
106273  71.239777   77 
106109  71.479553   79 
105945  71.719330   80 
105778  71.000000   82 
105613  71.239777   80 
105447  71.479553   82 
105279  71.719330   82 
105111  71.000000   84 
104941  71.239777   86 
104769  71.479553   85 
104601  71.719330   85 
104428  71.000000   86 
104256  71.239777   86 
104085  71.479553   87 
103908  71.719330   89 
103734  71.000000   89 
103557  71.239777   89 
103382  71.479553   90 
103203  71.719330   91 
103032  71.000000   90 
102858  71.239777   92 
102677  71.479553   92 
102501  71.719330   93 
102324  71.000000   92 
102148  71.239777   91 
101972  71.479553   93 
101796  71.719330   91 
101619  71.000000   91 
101441  71.239777   94 
101266  71.479553   91 
101091  71.719330   92 
100909  71.000000   91 
100738  71.239777   90 
100566  71.479553   88 
100395  71.719330   87 
100228  71.000000   84 
100061  71.239777   84 
99900  71.479553   83 
99737  71.719330   84 
99569  71.000000   86 
99408  71.239777   84 
99242  71.479553   82 
99082  71.719330   83 
98920  71.000000   83 
98756  71.239777   83 
98597  71.479553   80 
98434  71.719330   79 
98272  71.000000   81 
98109  71.239777   80 
97945  71.479553   79 
97781  71.719330   82 
97613  71.000000   85 
97449  71.239777   81 
97287  71.479553   76 
97127  71.719330   77 
96959  71.000000   81 
96790  71.239777   80 
96622  71.479553   79 
96454  71.719330   80 
96287  71.000000   81 
96116  71.239777   80 
95944  71.479553   83 
95774  71.719330   82 
95601  71.000000   81 
95436  71.239777   81 
95268  71.479553   81 
95091  71.719330   82 
94918  71.000000   83 
94738  71.239777   84 
94558  71.479553   85 
94375  71.719330   86 
94202  71.000000   85 
94024  71.239777   84 
93844  71.479553   85 
93663  71.719330   88 
93483  71.000000   87 
93306  71.239777   85 
93128  71.479553   85 
92952  71.719330   85 
92778  71.000000   84 
92606  71.239777   85 
92433  71.479553   86 
92259  71.719330   87 
92081  71.000000   89 
91908  71.239777   90 
91731  71.479553   89 
91561  71.719330   87 
91385  71.000000   89 
91210  71.239777   92 
91039  71.479553   88 
90865  71.719330   88 
90697  71.000000   85 
90531  71.239777   83 
90362  71.479553   87 
90196  71.719330   87 
90024  71.000000   88 
89849  71.239777   86 
89678  71.479553   86 
89507  71.719330   87 
89337  71.000000   85 
89174  71.239777   85 
89008  71.479553   87 
88838  71.719330   87 
88673  71.000000   84 
88503  71.239777   82 
88333  71.479553   84 
88168  71.719330   83 
88001  71.000000   82 
87834  71.239777   82 
87657  71.479553   86 
87484  71.719330   85 
87312  71.000000   83 
87135  71.239777   86 
86962  71.479553   86 
86789  71.719330   82 
86619  71.000000   81 
86448  71.239777   81 
86272  71.479553   84 
86098  71.719330   85 
85921  71.000000   83 
85753  71.239777   80 
85578  71.479553   81 
85403  71.719330   83 
85228  71.000000   85 
85048  71.239777   88 
84869  71.479553   88 
84685  71.719330   90 
84505  71.000000   88 
84324  71.239777   90 
84143  71.479553   88 
83964  71.719330   88 
83781  71.000000   91 
83603  71.239777   88 
83423  71.479553   89 
83241  71.719330   93 
83056  71.000000   93 
82876  71.239777   92 
82693  71.479553   95 
82506  71.719330   95 
82324  71.000000   95 
82143  71.239777   95 
81957  71.479553   97 
81773  71.719330   97 
81588  71.000000   96 
81404  71.239777   94 
81230  71.479553   94 
81051  71.719330   95 
80869  71.000000   94 
80690  71.239777   97 
80506  71.479553   95 
80325  71.719330   96 
80144  71.000000   96 
79963  71.239777   95 
79774  71.479553   96 
79597  71.719330   97 
79426  71.000000   94 
79246  71.239777   92 
79068  71.479553   93 
78886  71.719330   93 
78711  71.000000   89 
78541  71.239777   89 
78368  71.479553   89 
78203  71.719330   86 
78033  71.000000   84 
77860  71.239777   89 
77683  71.479553   90 
77506  71.719330   88 
77340  71.000000   83 
77169  71.239777   81 
77000  71.479553   83 
76830  71.719330   84 
76659  71.000000   85 
76491  71.239777   83 
76315  71.479553   83 
76138  71.719330   83 
75971  71.000000   80 
75807  71.239777   80 
75635  71.479553   80 
75464  71.719330   80 
75286  71.000000   88 
75103  71.239777   90 
74929  71.479553   85 
74748  71.719330   82 
74573  71.000000   83 
74393  71.239777   85 
74213  71.479553   86 
74037  71.719330   86 
73859  71.000000   85 
73676  71.239777   85 
73492  71.479553   87 
73306  71.719330   88 
73121  71.000000   88 
72937  71.239777   89 
72752  71.479553   89 
72570  71.719330   89 
72385  71.000000   91 
72201  71.239777   90 
72018  71.479553   89 
71833  71.719330   90 
71652  71.000000   88 
71472  71.239777   89 
71294  71.479553   87 
71120  71.719330   86 
70941  71.000000   89 
70762  71.239777   88 
70586  71.479553   90 
70408  71.719330   88 
70230  71.000000   93 
70051  71.239777   91 
69871  71.479553   92 
69692  71.719330   93 
69514  71.000000   91 
69335  71.239777   92 
69161  71.479553   89 
68988  71.719330   89 
68813  71.000000   90 
68641  71.239777   88 
68466  71.479553   89 
68291  71.719330   93 
68114  71.000000   92 
67938  71.239777   89 
67768  71.479553   89 
67592  71.719330   91 
67419  71.000000   90 
67247  71.239777   87 
67072  71.479553   87 
66904  71.719330   86 
66734  71.000000   84 
66560  71.239777   85 
66385  71.479553   86 
66214  71.719330   85 
66040  71.000000   87 
65867  71.239777   82 
65701  71.479553   81 
65528  71.719330   83 
65357  71.000000   81 
65186  71.239777   83 
65007  71.479553   87 
64829  71.719330   86 
64649  71.000000   88 
64469  71.239777   87 
64292  71.479553   86 
64112  71.719330   85 
63935  71.000000   86 
63756  71.239777   85 
63579  71.479553   87 
63402  71.719330   87 
63221  71.000000   89 
63044  71.239777   87 
62863  71.479553   88 
62682  71.719330   89 
62499  71.000000   90 
62320  71.239777   92 
62136  71.479553   93 
61953  71.719330   92 
61770  71.000000   93 
61582  71.239777   94 
61390  71.479553   96 
61199  71.719330   96 
61007  71.000000   96 
60814  71.239777   97 
60623  71.479553   98 
60430  71.719330   99 
60238  71.000000   96 
60049  71.239777   99 
59866  71.479553   95 
59683  71.719330   94 
59501  71.000000   96 
59318  71.239777   96 
59131  71.479553   97 
58952  71.719330   93 
58770  71.000000   95 
58588  71.239777   96 
58395  71.479553   100 
58209  71.719330   100 
58027  71.000000   97 
57843  71.239777   95 
57665  71.479553   91 
57483  71.719330   93 
57310  71.000000   90 
57136  71.239777   89 
56962  71.479553   90 
56789  71.719330   91 
56609  71.000000   91 
56440  71.239777   90 
56271  71.479553   87 
56097  71.719330   87 
55924  71.000000   87 
55752  71.239777   83 
55579  71.479553   85 
55410  71.719330   85 
55240  71.000000   84 
55067  71.239777   81 
54896  71.479553   80 
54724  71.719330   85 
54549  71.000000   84 
54379  71.239777   79 
54211  71.479553   79 
54037  71.719330   83 
53860  71.000000   86 
53680  71.239777   87 
53500  71.479553   87 
53320  71.719330   86 
53143  71.000000   82 
52963  71.239777   83 
52787  71.479553   85 
52606  71.719330   89 
52419  71.000000   88 
52233  71.239777   88 
52046  71.479553   89 
51857  71.719330   90 
51678  71.000000   87 
51494  71.239777   89 
51307  71.479553   90 
51120  71.719330   91 
50934  71.000000   91 
50748  71.239777   90 
50564  71.479553   90 
50381  71.719330   89 
50199  71.000000   89 
50019  71.239777   90 
49839  71.479553   90 
49662  71.719330   89 
49486  71.000000   88 
49310  71.239777   88 
49135  71.479553   88 
48958  71.719330   88 
48779  71.000000   91 
48603  71.239777   90 
48428  71.479553   91 
48248  71.719330   92 
48071  71.000000   90 
47897  71.239777   89 
47721  71.479553   87 
47548  71.719330   88 
47372  71.000000   89 
47197  71.239777   88 
47019  71.479553   93 
46844  71.719330   90 
46665  71.000000   92 
46491  71.239777   92 
46318  71.479553   90 
46141  71.719330   91 
45964  71.000000   92 
45791  71.239777   88 
45619  71.479553   85 
45447  71.719330   86 
45274  71.000000   86 
45099  71.239777   85 
44925  71.479553   86 
44753  71.719330   86 
44578  71.000000   86 
44409  71.239777   82 
44240  71.479553   85 
44061  71.719330   84 
43888  71.000000   83 
43710  71.239777   85 
43537  71.479553   84 
43361  71.719330   85 
43184  71.000000   84 
43012  71.239777   84 
42832  71.479553   84 
42655  71.719330   85 
42478  71.000000   84 
42303  71.239777   83 
42125  71.479553   85 
41944  71.719330   86 
41765  71.000000   89 
41582  71.239777   89 
41399  71.479553   91 
41217  71.719330   90 
41033  71.000000   90 
40849  71.239777   91 
40664  71.479553   92 
40480  71.719330   92 
40286  71.000000   96 
40093  71.239777   94 
39903  71.479553   93 
39712  71.719330   94 
39521  71.000000   97 
39332  71.239777   96 
39142  71.479553   98 
38951  71.719330   98 
38760  71.000000   99 
38571  71.239777   100 
38383  71.479553   99 
38199  71.719330   97 
38017  71.000000   96 
37830  71.239777   97 
37644  71.479553   99 
37462  71.719330   96 
37282  71.000000   96 
37094  71.239777   95 
36917  71.479553   95 
36738  71.719330   94 
36555  71.000000   95 
36377  71.239777   93 
36200  71.479553   89 
36021  71.719330   93 
35844  71.000000   93 
35668  71.239777   93 
35495  71.479553   92 
35316  71.719330   92 
35143  71.000000   89 
34965  71.239777   91 
34791  71.479553   89 
34614  71.719330   89 
34436  71.000000   87 
34264  71.239777   85 
34091  71.479553   85 
33921  71.719330   83 
33748  71.000000   83 
33574  71.239777   84 
33402  71.479553   83 
33224  71.719330   86 
33050  71.000000   84 
32878  71.239777   84 
32699  71.479553   86 
32524  71.719330   83 
32350  71.000000   83 
32172  71.239777   85 
31992  71.479553   85 
31814  71.719330   83 
31634  71.000000   84 
31457  71.239777   84 
31275  71.479553   87 
31090  71.719330   87 
30908  71.000000   87 
30726  71.239777   86 
30545  71.479553   88 
30360  71.719330   90 
30176  71.000000   89 
29990  71.239777   90 
29807  71.479553   89 
29622  71.719330   91 
29435  71.000000   91 
29248  71.239777   92 
29065  71.479553   90 
28884  71.719330   89 
28704  71.000000   88 
28521  71.239777   89 
28338  71.479553   89 
28160  71.719330   91 
27984  71.000000   90 
27801  71.239777   90 
27623  71.479553   91 
27446  71.719330   90 
27267  71.000000   91 
27088  71.239777   92 
26907  71.479553   92 
26725  71.719330   91 
26547  71.000000   92 
26368  71.239777   91 
26188  71.479553   91 
26008  71.719330   92 
25828  71.000000   92 
25651  71.239777   90 
25477  71.479553   89 
25297  71.719330   92 
25126  71.000000   89 
24951  71.239777   89 
24770  71.479553   91 
24596  71.719330   89 
24419  71.000000   90 
24248  71.239777   86 
24074  71.479553   86 
23901  71.719330   86 
23728  71.000000   87 
23553  71.239777   87 
23383  71.479553   84 
23207  71.719330   85 
23033  71.000000   83 
22862  71.239777   85 
22686  71.479553   85 
22516  71.719330   82 
22341  71.000000   83 
22167  71.239777   83 
21993  71.479553   84 
21818  71.719330   85 
21641  71.000000   83 
21469  71.239777   82 
21296  71.479553   84 
21118  71.239777   83 
20944  71.000000   84 
20767  70.760223   85 
20589  70.520447   85 
20410  70.280670   87 
20230  70.040894   86 
20045  69.801117   88 
19862  69.561340   88 
19680  69.321564   89 
19490  69.081787   91 
19305  68.842010   93 
19119  68.602234   90 
18930  68.362457   94 
18741  68.122681   95 
18557  67.882904   93 
18372  67.643127   95 
18185  67.403351   97 
17998  67.163574   96 
17811  66.923798   97 
17622  66.684021   97 
17436  66.444244   98 
17252  66.204468   98 
17064  65.964691   98 
16883  65.724915   95 
16701  65.485138   96 
16517  65.245361   96 
16339  65.005585   94 
16160  64.765808   95 
15981  64.526031   95 
15798  64.286255   95 
15621  64.046478   95 
15439  63.806702   96 
15254  63.566925   98 
15077  63.327148   92 
14906  63.087372   87 
14737  62.847595   85 
14560  62.607819   91 
14390  62.368042   90 
14212  62.128265   90 
14037  61.888489   88 
13866  61.648712   85 
13691  61.408936   86 
13517  61.169159   90 
13345  60.929382   86 
13175  60.689606   84 
13007  60.449829   85 
12840  60.210052   84 
12671  59.970276   83 
12500  59.730499   83 
12330  59.490723   83 
12158  59.250946   84 
11992  59.011169   80 
11824  58.771393   81 
11657  58.531616   82 
11486  58.291840   84 
11312  58.052063   84 
11142  57.812286   81 
10971  57.572510   78 
10798  57.332733   81 
10622  57.092957   83 
10449  56.853180   82 
10277  56.613403   81 
10107  56.373627   80 
9934  56.133850   82 
9757  55.894073   86 
9581  55.654297   85 
9408  55.414520   82 
9236  55.174744   80 
9062  54.934967   81 
8886  54.695190   83 
8711  54.455414   86 
8535  54.215637   86 
8358  53.975861   88 
8178  53.736084   86 
7998  53.496307   86 
7821  53.256531   86 
7651  53.016754   84 
7481  52.776978   85 
7309  52.537201   85 
7136  52.297424   86 
6965  52.057648   86 
6795  51.817871   84 
6627  51.578094   84 
6458  51.338318   84 
6290  51.098541   85 
6119  50.858765   87 
5945  50.618988   87 
5774  50.379211   87 
5602  50.139435   87 
5431  49.899658   87 
5264  49.659882   86 
5097  49.420105   85 
4930  49.180328   84 
4768  48.940552   82 
4602  48.700775   85 
4435  48.460999   86 
4274  48.221222   85 
4112  47.981445   85 
3950  47.741669   85 
3792  47.501892   85 
3633  47.262115   80 
3470  47.022339   81 
3312  46.782562   81 
3157  46.542786   79 
3001  46.303009   79 
2847  46.063232   79 
2691  45.823456   77 
2532  45.583679   80 
2374  45.343903   79 
2217  45.104126   78 
2061  44.864349   78 
1904  44.624573   77 
1747  44.384796   78 
1591  44.145020   78 
1435  43.905243   75 
1280  43.665466   74 
1123  43.425690   73 
968  43.185913   73 
814  42.946136   76 
659  42.706360   74 
501  42.466583   75 
350  42.226807   74 
193  41.987030   75 
39  41.747253   73 
-112  41.507477   73 
-112  129592   99962 
